"Summary"
"[Software Information]"
"Software Name:","LabSolutions RF"
"Version:","1.12"
"[Data Information]"
"Data is:","Modified"
"Sample Name:","AP01_240625"
"Sample ID"
"Option"
"Analyst"
"Date/Time:","30/07/2025 12:44:20"
"Comments"
"[Instrument Information]"
"Instrument Name:","Fluoro"
"Instrument Type:","RF-6000 Series"
"Model (S/N):","RF-6000 (A40245500667SA)"

"Parameter"
"[Measurement]"
"Spectrum Type:","3D"
"EX Wavelength Start:","240.0 nm"
"EX Wavelength End:","450.0 nm"
"Data Interval:","5.0 nm"
"EM Wavelength Start:","250.0 nm"
"EM Wavelength End:","600.0 nm"
"Data Interval:","2.0 nm"
"Scan Speed:","6000 nm/min"
"[Instrument]"
"EX Bandwidth:","3.0 nm"
"EM Bandwidth:","3.0 nm"
"Sensitivity:","High"
"[Attachment]"
"Attachment:","None"
"[Auto Print]"
"Auto Print:","No"
"Report File:",""

"AP01_240625.fs3f - CorrectionData"
"EX Wavelength/EM Wavelength",250,252,254,256,258,260,262,264,266,268,270,272,274,276,278,280,282,284,286,288,290,292,294,296,298,300,302,304,306,308,310,312,314,316,318,320,322,324,326,328,330,332,334,336,338,340,342,344,346,348,350,352,354,356,358,360,362,364,366,368,370,372,374,376,378,380,382,384,386,388,390,392,394,396,398,400,402,404,406,408,410,412,414,416,418,420,422,424,426,428,430,432,434,436,438,440,442,444,446,448,450,452,454,456,458,460,462,464,466,468,470,472,474,476,478,480,482,484,486,488,490,492,494,496,498,500,502,504,506,508,510,512,514,516,518,520,522,524,526,528,530,532,534,536,538,540,542,544,546,548,550,552,554,556,558,560,562,564,566,568,570,572,574,576,578,580,582,584,586,588,590,592,594,596,598,600,
240,-148.969,-139.242,-133.002,-99.148,-66.783,-0.423,-23.399,-58.975,-63.974,-55.547,-65.605,-64.610,-52.069,-59.575,-54.913,-54.064,-53.980,-45.084,-46.784,-43.328,-47.401,-38.950,-42.599,-33.995,-40.169,-43.876,-37.156,-38.283,-33.772,-37.262,-22.507,-29.368,-28.037,-23.866,-27.258,-20.984,-27.795,-23.272,-32.125,-21.611,-16.386,-23.197,-24.512,-18.671,-20.742,-15.291,-10.743,-11.613,-17.358,-18.472,-0.297,-12.618,-6.786,-8.390,0.892,-0.354,-2.858,-0.974,4.170,4.872,1.470,3.095,10.342,10.337,11.246,9.672,8.764,11.958,7.529,19.029,18.789,17.328,20.604,28.850,26.339,26.931,19.413,19.549,36.764,20.446,30.626,16.930,19.047,34.107,19.447,41.372,31.009,33.802,28.015,25.406,30.177,19.026,35.170,29.168,20.305,28.500,33.287,30.696,36.044,45.853,31.676,29.850,23.200,29.007,27.789,23.255,16.278,16.709,30.004,19.276,15.666,20.718,26.648,72.699,147.800,220.173,144.015,78.639,21.729,2.027,9.439,8.178,-2.646,-5.333,17.812,2.492,4.542,-0.246,12.424,-1.441,-1.291,-0.347,-4.081,0.749,2.503,6.973,5.006,-3.895,0.887,2.884,-9.721,-6.771,-12.323,-19.199,-15.861,-12.452,-13.097,-13.741,-12.398,-20.885,-19.569,-15.012,-18.163,-18.309,-26.903,-25.256,-21.787,-23.634,-27.202,-25.484,-34.479,-39.177,-32.101,-37.720,-36.370,-30.963,-28.928,-28.767,-34.778,-36.259,-33.529,-40.198,-39.271,-37.659,-37.555,-42.984,
245,-92.595,-107.317,-92.702,-93.428,-72.896,-74.005,-63.425,-40.494,-3.559,-5.811,-30.847,-44.544,-46.525,-39.127,-41.526,-40.143,-40.276,-38.344,-35.084,-34.882,-26.209,-37.383,-36.142,-29.160,-32.487,-22.035,-21.324,-27.702,-27.132,-19.241,-18.715,-23.035,-23.153,-22.816,-21.824,-22.781,-19.705,-18.968,-16.652,-17.172,-14.509,-17.355,-12.367,-8.473,-11.935,-11.237,-10.953,-11.232,0.110,-1.289,-6.277,-5.037,-4.525,-0.547,-3.548,0.373,8.626,2.172,2.438,7.402,8.879,12.829,11.696,17.639,17.533,13.881,14.260,21.092,19.933,17.729,24.277,16.502,27.435,22.344,28.113,27.499,21.781,18.630,26.578,34.001,35.412,39.503,27.862,32.222,29.018,36.943,42.695,31.958,35.458,35.291,34.495,41.636,39.601,25.998,38.551,28.093,29.817,41.837,36.031,35.293,30.873,26.455,27.846,22.226,35.338,36.380,31.296,28.771,27.785,24.161,27.905,17.089,14.786,26.387,21.734,18.624,30.121,34.127,90.887,159.505,197.680,186.253,85.449,34.542,22.624,7.803,8.575,6.978,-0.509,-0.978,-0.014,3.790,-0.417,8.915,1.724,4.756,0.892,-5.300,4.321,7.006,3.013,7.160,6.544,2.192,-9.447,-6.199,-7.550,-7.117,-8.862,-11.913,-2.746,-10.803,-7.231,-11.090,-18.813,-20.164,-18.378,-20.622,-19.110,-21.349,-13.773,-23.161,-19.294,-24.495,-21.528,-19.005,-23.146,-23.079,-28.269,-23.057,-27.296,-22.441,-33.338,-20.672,-28.596,-28.236,
250,1509.816,918.533,51.347,-23.590,-54.378,-54.903,-45.023,-45.972,-42.351,-41.812,-12.788,16.235,8.628,-27.469,-32.492,-32.106,-26.446,-27.498,-29.481,-27.775,-26.454,-19.788,-25.802,-19.276,-23.313,-14.301,-22.549,-20.561,-21.426,-19.206,-18.030,-16.878,-18.244,-16.376,-17.666,-9.721,-9.167,-15.284,-9.811,-13.497,-14.897,-9.318,-9.570,-6.108,-8.599,-10.010,-5.543,-4.808,-2.978,-4.750,-5.711,0.113,0.536,8.864,7.028,3.068,6.379,8.357,11.802,16.417,12.583,15.036,15.482,14.199,17.300,19.290,24.407,16.705,24.647,30.786,26.490,25.894,27.943,23.567,24.192,24.255,28.965,40.789,34.476,31.365,37.529,26.608,43.564,33.387,27.742,33.894,34.698,42.239,37.776,45.918,35.150,40.811,39.656,42.073,31.832,36.975,39.411,40.612,31.051,36.081,34.237,33.556,42.334,33.676,36.330,33.573,28.134,36.389,24.625,31.595,28.789,24.823,28.753,28.173,30.084,33.540,27.967,29.748,18.295,27.169,16.082,22.057,26.566,90.328,182.609,209.229,184.050,110.037,42.276,23.031,12.830,5.800,7.881,15.562,5.233,-3.669,4.278,7.314,3.708,8.451,3.643,-1.455,3.782,0.293,-2.626,5.021,3.682,2.674,4.900,2.126,-7.571,3.520,-9.023,-11.854,-3.994,-4.318,-4.016,-14.918,-10.812,-17.907,-7.493,-13.917,-10.544,-14.609,-13.508,-12.071,-20.759,-20.083,-10.740,-25.686,-20.985,-17.459,-22.297,-23.649,-22.775,-20.638,
255,-29.593,428.327,1440.762,1210.398,431.184,-9.394,-51.437,-42.773,-43.414,-37.983,-28.699,-31.694,-23.579,-2.755,42.135,7.943,1.100,-22.415,-22.436,-23.543,-21.105,-19.227,-22.657,-24.438,-21.503,-18.784,-14.866,-18.343,-21.114,-11.436,-12.388,-16.774,-14.935,-15.185,-12.415,-15.112,-12.563,-7.179,-6.035,-6.212,-8.939,-12.069,-1.717,0.695,-3.901,-7.081,1.101,-1.646,-3.681,2.855,-3.295,-3.098,2.937,7.918,7.490,7.675,19.847,15.825,19.434,14.157,12.237,18.534,27.165,24.413,30.312,28.562,26.964,43.287,34.084,30.083,37.062,33.279,32.096,33.338,32.462,41.473,39.511,40.912,44.699,34.543,44.062,48.931,52.651,48.460,48.301,51.035,55.938,44.240,49.270,46.732,56.899,54.575,53.340,52.918,54.094,53.049,57.360,49.834,50.875,49.220,51.282,49.112,55.900,50.313,48.865,55.806,46.319,43.581,42.064,39.129,47.464,35.692,41.238,36.793,34.399,42.492,27.882,32.487,24.392,29.412,27.062,27.257,24.809,28.457,23.070,17.269,28.590,38.675,112.463,210.939,297.253,268.323,140.862,61.057,15.627,8.931,9.374,10.489,10.771,8.703,5.376,8.939,7.711,14.378,5.840,-3.845,6.187,5.149,1.425,0.333,3.263,3.381,10.466,8.369,6.504,5.002,2.430,2.085,1.975,-6.236,-12.406,-12.505,-4.643,-13.845,-4.998,-13.311,-11.325,-8.816,-12.972,-18.654,-7.494,-19.880,-15.392,-17.819,-10.951,-24.359,
260,-84.099,-69.245,-52.420,130.458,717.387,1470.009,860.945,175.262,-23.604,-31.842,-24.319,-21.885,-19.759,-22.900,-20.627,-16.891,6.495,28.454,16.980,0.168,-10.759,-10.107,-13.985,-15.547,-14.031,-15.089,-12.234,-12.493,-14.737,-15.927,-10.744,-10.749,-9.989,-11.341,-9.886,-9.001,-3.336,-0.548,-7.809,-4.047,-5.991,-4.617,-2.903,-2.660,2.997,1.553,1.932,0.957,5.325,3.120,3.270,2.503,8.988,7.836,5.059,8.719,14.095,16.714,21.205,17.692,19.154,16.957,20.176,24.877,31.863,32.360,25.247,33.883,31.147,29.751,27.872,37.826,32.085,34.241,31.325,37.414,44.680,35.716,48.278,48.909,46.379,47.148,50.639,49.065,49.345,47.777,53.313,50.586,55.946,52.429,44.563,44.574,60.164,52.529,55.516,52.245,50.788,53.889,57.712,50.420,45.491,51.470,59.518,63.901,51.547,55.516,45.735,48.315,48.973,41.874,38.796,46.238,41.673,38.710,36.302,39.996,33.775,37.550,39.080,34.629,31.615,39.273,33.758,29.442,27.078,26.871,31.361,33.414,25.395,25.674,22.169,19.381,40.191,81.746,192.685,310.010,293.468,171.737,69.454,27.105,15.748,14.259,7.373,12.015,11.619,9.040,13.959,4.406,1.555,6.744,3.085,3.945,-1.827,-1.207,5.935,-0.528,0.904,1.146,0.454,10.410,14.252,5.749,5.846,9.851,-3.992,-2.968,-6.391,-11.511,-7.226,-8.677,-10.226,-10.103,-13.198,-8.731,-15.384,-15.040,
265,-67.063,-51.703,-43.745,-30.384,-27.501,15.764,413.650,1293.155,1251.918,423.604,24.742,-16.019,-16.404,-14.749,-16.848,-15.870,-17.022,-9.349,-1.777,13.067,28.449,36.393,2.509,-4.334,-9.278,-6.547,-4.978,-5.494,-3.075,-6.270,-6.719,-3.033,-5.567,-3.150,-0.086,0.504,-3.804,-4.923,0.545,-0.715,0.098,-1.644,1.630,-0.639,3.869,5.722,1.050,8.404,2.582,9.443,8.144,12.387,6.582,11.693,10.163,10.383,14.207,10.361,20.956,19.707,19.840,22.637,23.391,25.693,23.623,22.565,28.602,27.970,35.453,29.518,34.598,30.552,37.338,33.314,36.308,36.288,40.415,38.492,40.898,36.265,44.999,46.950,38.032,44.949,47.657,48.873,40.727,51.260,39.610,48.608,50.900,44.919,50.062,50.803,49.009,53.039,47.426,46.484,49.511,50.162,51.058,46.240,53.149,47.220,55.644,43.380,40.829,44.721,38.406,45.513,46.373,41.343,32.284,38.140,44.094,34.665,42.187,37.421,33.165,27.085,26.567,31.515,32.535,33.245,25.533,30.403,28.254,24.113,28.828,24.306,21.650,28.216,28.514,16.609,17.791,19.942,17.862,37.314,111.710,237.142,334.049,264.580,147.672,55.088,15.301,11.372,12.425,8.613,11.372,11.801,7.551,4.035,6.444,4.329,1.088,1.076,5.715,4.036,-0.479,-0.277,-3.776,-2.458,0.844,-0.937,3.676,2.635,6.461,5.375,4.489,-4.699,-2.297,-3.694,-3.639,-6.482,-8.932,-8.038,
270,-50.223,-37.420,-35.187,-23.551,-19.780,-27.257,-20.383,-9.987,146.199,831.371,1543.196,829.441,158.876,-4.485,-15.986,-13.760,-9.197,-8.263,-10.286,-8.294,-6.655,-2.757,17.845,32.794,29.403,19.659,1.194,-4.633,1.075,-4.060,-1.160,0.401,0.521,-1.664,2.658,2.151,4.244,3.125,3.684,3.676,-2.730,1.554,4.701,5.389,7.642,2.309,9.487,6.062,11.154,12.575,8.152,10.436,15.158,17.506,15.779,18.036,13.556,16.607,18.123,17.714,20.472,25.643,27.263,21.548,22.351,27.725,23.211,31.157,28.736,29.407,28.766,30.977,35.894,34.417,32.615,35.281,33.545,34.698,38.403,33.551,40.847,43.177,38.270,42.918,39.625,46.833,42.934,39.765,46.319,46.098,45.663,47.247,48.924,50.097,46.927,48.942,42.760,44.912,45.333,53.431,53.929,43.252,46.659,47.352,51.903,53.488,47.516,42.635,41.086,42.841,41.456,38.042,40.666,36.554,40.064,37.901,36.951,37.775,32.264,31.472,34.872,35.023,30.731,28.293,32.108,32.016,26.600,25.787,26.482,20.697,23.357,27.596,24.272,18.934,17.643,19.818,17.042,14.303,17.626,16.468,11.843,23.051,33.380,97.798,230.609,345.085,294.693,177.794,51.120,18.557,9.811,10.094,6.819,3.379,3.134,5.301,3.917,2.135,5.553,2.791,2.387,1.004,-0.092,0.902,-0.023,2.943,-2.366,-0.657,0.808,1.876,3.021,10.574,7.519,8.504,6.073,1.116,
275,-38.488,-32.829,-23.749,-20.415,-17.605,-18.112,-19.046,-15.583,-16.616,-15.355,26.716,441.059,1252.096,1233.682,317.243,21.894,-6.931,-8.137,-9.336,-5.367,-4.038,-3.397,-1.701,-1.533,1.354,17.779,35.267,38.312,19.142,6.548,1.736,2.716,2.963,3.970,3.803,2.810,4.802,5.457,4.159,3.560,6.435,7.024,11.476,8.498,9.689,7.745,10.143,7.967,13.848,9.106,13.383,11.980,12.232,13.986,12.128,9.881,21.029,23.044,19.462,15.398,22.909,19.310,22.590,23.819,25.857,24.026,27.536,24.295,23.625,27.977,30.909,31.544,33.000,30.584,35.303,36.923,35.207,35.036,39.685,41.314,35.869,41.770,39.052,36.720,37.590,43.654,44.626,39.842,40.297,42.272,43.153,40.445,42.558,39.396,41.832,45.301,45.665,43.304,41.806,40.882,40.865,42.527,46.057,42.412,43.421,41.756,38.227,43.049,44.301,35.500,35.528,36.898,40.028,33.317,39.772,38.112,32.954,34.688,33.277,32.000,31.564,31.829,28.677,30.704,24.209,30.662,23.221,23.231,25.450,23.247,24.343,20.709,21.850,21.352,19.715,16.399,16.236,15.257,19.811,15.790,16.285,13.663,14.218,15.343,13.627,9.140,19.483,34.816,118.905,260.984,344.121,312.240,145.390,48.680,14.081,8.793,3.884,8.185,6.208,5.094,1.554,5.797,5.825,3.105,0.534,0.070,0.072,0.083,-1.055,0.094,1.027,-3.177,1.969,3.183,-2.689,-1.207,
280,-30.681,-28.919,-19.149,-19.083,-19.172,-16.663,-15.289,-16.187,-11.982,-11.703,-10.930,-8.886,-6.510,157.851,993.709,1468.311,696.054,101.224,-2.040,-1.380,-3.820,-0.682,0.946,-4.433,-1.448,1.527,0.705,6.002,21.646,29.695,36.586,28.609,11.815,6.439,7.814,9.824,5.987,7.701,6.168,9.845,8.026,9.744,9.757,10.795,12.238,11.737,15.602,17.024,13.558,14.047,12.528,12.071,16.847,20.286,15.409,18.023,22.942,19.068,20.526,22.139,22.226,27.062,25.552,27.284,27.399,27.441,28.817,30.382,31.567,30.081,32.315,31.622,33.115,33.138,35.155,35.014,37.582,38.224,35.687,38.134,41.321,36.483,38.791,38.834,39.893,32.848,35.935,38.021,37.427,39.321,34.133,42.607,39.949,41.433,42.187,41.509,41.831,42.259,42.338,38.976,42.219,41.083,41.849,39.362,39.173,41.651,35.926,36.026,35.567,36.721,38.571,34.507,29.661,36.523,33.479,31.606,32.934,36.034,36.313,30.821,28.576,31.951,26.115,28.268,25.226,26.355,24.341,27.824,25.254,21.625,24.616,25.383,21.746,20.757,21.708,22.320,16.749,19.468,14.262,15.864,17.690,11.696,13.590,12.814,14.479,12.387,15.573,10.680,8.391,8.521,9.977,14.325,44.024,142.660,281.270,371.996,295.748,147.332,47.045,12.297,7.779,5.684,4.216,3.953,5.986,4.052,1.181,1.095,-2.069,3.303,0.852,-1.363,4.340,1.481,3.128,-2.415,
285,-30.931,-23.135,-16.869,-16.524,-14.045,-13.988,-10.689,-11.707,-11.808,-12.789,-10.565,-10.368,-7.420,-8.013,-6.734,23.526,416.103,1327.540,1238.829,311.761,22.946,-1.787,-0.589,1.306,-0.343,0.470,5.503,2.379,3.249,1.089,9.152,17.988,27.827,34.177,21.836,14.525,6.610,6.637,9.073,8.648,10.432,10.111,13.699,10.236,15.599,15.222,15.004,15.852,14.257,16.285,15.549,19.291,16.787,17.684,18.312,19.542,26.580,21.624,23.423,22.741,27.234,23.403,27.530,27.017,30.551,36.061,28.716,30.592,32.962,34.400,36.098,32.808,31.303,34.153,32.914,36.160,35.450,39.374,38.298,39.859,35.063,39.388,35.219,42.846,39.423,38.914,36.905,37.667,36.092,35.026,42.350,38.330,42.767,39.820,39.806,41.856,41.619,42.739,40.571,40.992,39.690,41.477,41.968,38.938,35.633,40.255,35.374,32.702,36.307,32.612,35.546,37.917,37.253,31.549,35.848,33.106,28.931,34.421,28.809,25.717,29.082,26.006,28.808,25.728,21.894,27.495,22.125,24.612,26.510,21.406,19.465,22.574,21.942,18.845,19.010,20.633,20.806,17.734,18.711,15.592,14.838,12.728,15.739,17.810,12.978,12.256,9.829,9.254,7.963,10.097,8.445,11.051,9.394,9.238,11.644,7.419,10.704,32.153,118.815,249.356,356.184,306.837,164.781,58.279,9.404,6.229,2.220,0.754,1.878,0.693,1.515,0.456,0.986,-0.761,2.044,0.585,
290,-23.768,-23.065,-16.372,-13.197,-14.706,-11.826,-12.353,-12.136,-7.955,-9.565,-9.234,-8.160,-9.089,-7.895,-7.470,-6.984,-4.522,4.993,164.562,995.701,1500.335,728.353,106.341,2.670,-0.602,2.773,1.650,1.576,2.665,2.256,2.944,2.423,4.345,9.760,19.816,28.343,35.062,29.427,15.520,11.147,12.302,11.448,11.199,10.003,10.911,13.236,15.110,12.477,17.843,16.062,17.343,20.771,22.576,21.345,23.962,24.737,25.113,25.850,25.913,25.499,27.217,30.869,31.552,32.799,26.787,34.232,32.430,34.101,33.516,31.606,37.350,35.484,33.176,32.981,40.335,43.957,35.563,39.511,40.713,40.020,41.739,48.027,40.352,38.447,37.454,43.002,40.605,36.465,38.282,42.362,40.759,41.547,41.737,41.194,41.404,39.271,40.080,42.748,40.934,42.145,38.054,37.712,41.008,36.628,35.521,39.329,37.781,33.249,39.642,34.463,36.890,34.445,34.865,33.287,36.150,31.838,26.398,28.703,30.068,29.504,30.869,27.150,25.934,26.376,25.283,28.290,23.089,25.774,23.168,18.868,20.904,19.001,15.706,16.940,22.456,18.197,16.777,17.509,18.404,14.134,17.167,11.588,13.039,11.108,13.683,10.585,9.988,10.616,10.757,10.019,8.858,10.297,7.437,5.755,8.561,7.018,6.524,5.878,5.080,3.647,5.202,10.718,45.663,128.490,294.578,356.236,319.383,159.630,44.564,5.357,3.985,-0.641,1.000,1.449,0.524,-0.652,
295,-23.851,-18.881,-14.375,-12.817,-12.776,-9.897,-9.897,-10.988,-9.164,-9.253,-8.958,-8.126,-5.201,-5.331,-6.360,-6.423,-6.273,-4.477,-3.767,-2.192,47.690,512.770,1422.839,1183.183,311.805,15.471,-0.097,0.004,-0.789,-1.054,0.894,2.018,0.643,5.021,3.891,4.868,8.162,17.331,26.472,29.218,20.951,16.177,10.835,12.820,12.089,17.067,14.434,15.806,15.280,15.361,16.934,17.096,25.546,20.555,25.761,23.933,27.314,25.764,26.538,28.605,30.314,30.202,28.629,29.122,31.946,34.521,33.026,37.725,34.198,36.640,36.915,35.263,40.172,35.693,39.074,36.992,35.857,39.559,42.256,39.294,40.908,43.477,44.598,43.316,42.003,41.747,43.944,43.141,43.979,41.061,41.917,42.785,46.115,40.236,42.048,35.678,41.763,43.256,38.777,41.250,41.702,35.986,34.469,36.201,37.951,38.135,37.348,41.516,33.223,33.127,34.475,30.625,32.662,32.442,29.337,31.392,30.403,28.754,30.966,28.952,27.204,24.239,25.677,25.862,24.760,27.050,20.946,21.913,20.244,20.796,19.432,17.484,17.149,20.045,16.612,15.233,16.315,13.786,14.804,13.068,13.107,10.603,13.184,12.764,9.697,16.203,11.120,8.085,8.970,9.127,9.302,8.421,5.008,7.408,7.999,5.019,5.135,5.277,5.459,3.741,5.206,0.951,0.676,4.348,5.661,2.835,11.522,45.796,142.173,290.040,358.235,279.405,140.798,40.166,5.603,-0.312,
300,-17.213,-14.387,-13.540,-11.372,-11.095,-10.265,-9.289,-8.480,-8.094,-7.362,-6.243,-7.474,-5.727,-5.906,-4.538,-5.590,-4.839,-3.685,-5.136,-4.460,-4.177,-4.202,4.964,131.164,794.605,1476.648,730.581,113.289,1.763,1.239,-0.340,-0.760,0.474,2.827,1.480,2.519,2.417,2.321,4.097,7.567,14.841,27.493,30.679,25.859,16.185,12.464,15.238,14.013,16.697,17.660,15.920,17.447,19.271,21.845,23.894,22.587,24.473,26.331,26.350,31.160,29.763,30.314,31.631,34.965,32.067,34.517,36.972,34.528,37.388,39.636,36.845,34.898,34.219,37.910,42.504,39.646,42.109,39.062,37.926,45.846,44.224,48.486,41.483,42.211,47.078,42.777,39.751,42.650,42.435,42.789,44.446,41.364,41.317,42.929,41.892,39.497,38.082,39.930,40.236,38.046,36.500,43.670,36.288,36.318,38.867,35.828,36.366,35.554,33.125,36.724,31.375,30.966,32.966,31.456,30.184,30.974,29.942,29.481,27.773,25.615,22.847,25.652,25.411,26.937,20.233,21.147,22.470,24.107,19.556,19.770,21.537,19.615,18.250,16.299,16.695,19.223,16.550,16.590,16.615,13.696,15.723,11.132,13.048,12.796,11.453,9.414,8.481,10.353,8.919,5.976,7.214,11.957,8.682,7.342,8.943,5.845,8.069,5.728,3.701,5.328,5.994,5.548,2.003,4.713,-0.718,2.558,2.621,1.673,3.853,4.193,2.053,6.475,38.835,120.369,275.972,347.779,
305,-18.747,-14.324,-11.539,-12.055,-8.792,-8.053,-9.264,-6.528,-8.545,-5.567,-6.513,-5.926,-4.850,-5.594,-5.019,-4.577,-4.451,-4.244,-4.416,-4.206,-3.082,-3.592,-2.925,-2.999,-1.963,47.864,432.481,1303.207,1120.274,292.037,17.799,0.277,0.237,-0.644,0.286,2.486,1.460,2.390,3.756,3.507,6.185,5.899,8.635,14.744,23.740,27.484,25.233,18.132,12.652,12.660,17.738,14.951,19.542,21.642,22.353,23.554,20.784,26.536,28.023,29.490,29.145,30.975,34.336,33.396,31.172,34.041,34.104,35.675,38.861,34.440,39.088,40.338,40.610,42.361,39.712,45.236,41.669,41.659,48.882,42.632,44.634,45.121,46.811,44.037,44.350,46.539,41.240,49.263,45.534,42.708,42.686,42.151,42.945,41.724,42.375,40.849,42.004,42.613,42.949,39.738,41.037,39.051,38.502,37.398,37.671,42.319,36.906,34.381,31.863,32.615,32.568,33.725,30.785,31.066,31.516,26.179,30.022,29.823,27.448,25.736,25.728,24.494,23.096,21.599,25.124,22.633,22.450,19.133,21.347,21.376,17.642,20.036,17.929,17.037,17.997,16.440,15.300,14.595,11.862,15.022,11.995,15.113,12.116,11.856,10.092,11.782,10.129,10.957,10.466,7.278,6.902,8.557,6.035,6.837,7.350,4.902,3.964,5.214,6.143,5.281,4.092,3.550,3.912,3.635,3.452,1.692,1.558,2.870,2.546,1.838,0.272,0.850,2.856,0.985,0.890,3.641,
310,-15.777,-14.460,-11.251,-8.817,-7.800,-6.928,-6.980,-7.032,-6.771,-6.298,-4.706,-5.376,-4.828,-4.410,-4.319,-3.925,-3.683,-4.204,-3.628,-3.605,-3.441,-3.583,-2.826,-3.211,-3.174,-2.541,-2.358,2.528,136.464,806.427,1325.892,635.673,88.383,2.915,-0.542,0.470,0.889,3.379,2.465,1.963,3.454,6.024,3.770,6.013,7.611,9.491,15.640,23.593,28.532,25.025,20.572,16.187,17.696,21.094,18.492,22.770,20.273,22.943,26.886,27.246,28.219,28.531,30.717,31.979,30.993,33.897,37.435,37.553,36.277,39.426,37.804,39.409,44.143,40.761,43.826,43.594,41.711,43.200,44.979,43.132,45.765,42.931,44.555,47.047,48.641,45.830,46.362,44.258,48.276,45.585,46.397,40.846,43.405,43.253,40.775,44.349,40.889,40.185,40.030,40.300,40.860,38.436,39.993,37.548,39.888,37.768,33.036,36.784,32.490,36.431,29.376,29.407,32.670,32.279,30.321,29.210,24.360,26.263,25.608,25.799,24.629,24.550,26.203,23.474,22.018,21.538,20.968,20.704,18.347,17.734,22.241,18.817,16.612,14.391,15.880,16.005,13.566,14.341,14.265,15.071,11.141,11.318,13.824,10.871,10.275,9.684,8.506,9.841,9.379,9.392,7.284,6.518,6.127,6.322,7.147,6.185,5.994,4.956,4.425,4.442,7.458,3.753,4.952,4.228,4.845,2.580,4.916,1.532,1.082,1.634,0.286,1.006,1.081,1.115,1.121,-0.997,
315,-13.710,-9.529,-8.322,-5.798,-5.878,-7.592,-7.067,-5.361,-5.999,-5.453,-4.062,-3.868,-4.436,-4.392,-4.046,-3.712,-3.892,-3.435,-3.264,-2.983,-3.076,-2.490,-2.835,-3.544,-2.248,-2.901,-2.157,-2.388,-1.235,-1.682,16.280,300.830,1063.950,1113.294,318.687,28.067,0.470,1.584,1.588,1.497,2.683,3.221,2.853,4.413,5.586,6.061,6.455,7.666,9.096,14.909,23.331,27.027,28.137,23.445,18.100,19.094,19.745,23.735,24.149,23.691,26.689,25.324,29.923,28.975,34.170,34.487,38.234,36.458,35.882,38.413,38.320,39.414,41.726,44.244,41.671,41.463,40.043,44.916,43.933,47.192,47.106,44.673,42.490,45.927,46.749,44.174,43.764,45.217,43.806,45.128,40.334,41.679,44.897,42.228,41.714,41.120,40.666,41.889,41.433,38.430,39.666,39.569,36.657,37.020,35.620,37.256,37.547,30.986,31.988,33.749,33.269,28.934,29.920,27.706,28.055,27.926,24.093,28.606,26.105,26.471,25.316,23.129,20.762,21.222,21.087,21.399,19.371,19.432,20.295,18.476,17.428,19.001,15.033,15.580,14.970,13.889,12.293,13.491,13.227,12.372,12.118,10.516,10.395,10.680,11.429,7.565,9.133,10.826,8.419,9.507,8.528,8.318,7.840,7.643,6.209,5.340,6.147,7.068,5.865,6.156,3.555,4.260,3.082,3.132,3.056,3.019,3.055,2.835,1.901,2.538,1.358,0.378,1.747,0.565,1.121,0.105,
320,-9.929,-9.444,-7.633,-6.470,-5.273,-6.360,-4.587,-4.386,-4.826,-4.763,-4.761,-4.437,-3.104,-3.200,-3.611,-3.693,-2.987,-2.418,-2.891,-2.561,-2.743,-2.526,-2.824,-2.296,-2.212,-2.153,-1.813,-2.283,-2.288,-1.966,-1.321,-1.522,1.598,100.687,718.674,1167.770,602.530,75.693,2.956,1.035,1.867,1.595,3.063,3.358,3.960,3.020,3.103,5.817,8.123,8.944,10.199,12.557,18.043,24.051,28.889,29.299,26.130,23.872,22.187,22.221,23.428,27.396,25.930,29.135,31.259,32.288,32.977,36.469,35.587,37.000,34.443,36.586,39.934,41.295,38.685,40.561,40.047,43.831,41.250,45.000,40.995,42.314,43.374,45.239,46.110,43.137,43.954,43.989,44.759,44.795,45.444,45.752,41.657,45.144,40.508,41.381,41.286,42.755,42.526,39.888,40.850,39.615,37.630,35.669,37.409,35.772,35.536,36.095,31.003,30.914,30.985,31.085,28.654,29.336,28.614,28.736,27.611,25.698,28.036,27.782,26.890,23.904,22.930,22.134,19.626,21.778,21.251,19.267,19.589,17.629,16.849,16.236,17.286,17.752,14.158,12.763,14.280,14.262,13.932,11.552,12.403,9.187,9.942,10.837,11.219,8.420,9.876,10.206,9.509,7.901,7.060,5.982,8.157,7.827,5.887,6.500,4.664,4.679,4.590,5.560,3.334,3.832,2.428,5.131,3.406,4.788,2.463,3.209,2.346,2.416,2.252,0.994,2.002,2.440,2.283,0.970,
325,-11.375,-8.731,-6.197,-7.359,-6.140,-5.428,-5.117,-4.056,-4.425,-4.243,-3.916,-3.803,-4.013,-2.593,-2.847,-3.127,-2.148,-2.658,-2.809,-2.226,-2.317,-2.197,-1.908,-2.025,-2.053,-2.299,-1.644,-2.161,-2.043,-1.570,-1.927,-1.183,-1.304,-1.766,-0.395,13.815,257.097,973.604,1015.883,298.715,18.568,0.790,1.416,1.683,1.794,2.571,3.752,3.791,4.781,5.417,9.606,8.162,8.983,11.353,14.115,17.893,20.666,27.549,31.034,27.601,25.440,24.867,26.791,27.186,29.567,31.694,31.535,32.975,30.759,35.129,35.979,32.949,38.470,36.216,36.463,38.975,41.347,41.606,37.822,41.666,43.877,39.181,41.232,43.367,44.805,46.102,44.682,43.227,43.418,44.364,42.914,41.737,42.235,43.215,41.013,42.194,39.845,40.648,39.820,40.177,39.290,37.901,38.448,33.862,36.351,35.244,32.436,34.905,35.911,30.955,31.124,28.696,30.096,31.201,30.872,24.488,28.720,25.519,27.247,26.504,23.121,24.430,25.043,22.832,21.817,21.827,19.614,22.461,19.673,16.310,17.282,16.703,15.213,16.744,15.671,14.936,13.588,14.432,14.468,15.425,11.887,10.638,11.243,11.562,10.774,10.240,10.772,9.639,9.930,7.521,8.408,7.620,6.652,7.024,6.746,6.054,5.575,5.595,4.853,4.651,3.861,4.200,4.320,4.434,3.781,4.305,1.295,2.790,2.138,1.658,2.622,0.936,1.086,0.829,2.424,2.391,
330,-9.701,-8.609,-7.551,-5.324,-5.077,-4.686,-4.919,-5.094,-4.335,-3.862,-3.747,-2.833,-2.414,-2.794,-2.973,-2.408,-2.909,-2.852,-2.444,-2.364,-2.352,-2.186,-2.625,-2.294,-1.616,-1.428,-1.999,-1.773,-1.824,-1.543,-1.296,-1.766,-1.408,-1.390,-0.946,-0.795,-0.596,3.029,74.636,546.057,1102.744,619.452,90.032,3.053,1.756,2.354,2.266,2.448,3.082,4.344,5.469,5.929,7.893,8.330,11.022,12.821,13.793,15.851,18.954,23.419,29.376,29.064,28.753,26.128,26.519,27.491,27.512,31.193,30.639,31.181,33.476,34.313,34.135,35.803,37.093,35.365,39.380,39.442,41.201,42.519,39.678,44.055,43.056,41.660,39.262,41.819,41.113,40.709,40.521,40.721,41.855,42.506,40.782,43.850,40.790,40.218,37.933,39.611,39.470,39.423,39.051,39.516,38.395,37.608,35.071,34.085,34.269,32.303,33.161,30.989,32.089,30.585,30.522,30.525,28.529,27.363,24.394,26.660,26.834,26.219,24.481,25.732,22.874,21.802,22.003,22.751,19.895,19.317,19.025,19.241,17.268,17.193,15.646,14.654,14.708,15.114,14.484,13.585,11.366,13.165,10.894,9.912,10.274,11.220,10.600,8.873,9.705,8.205,8.203,7.038,8.003,8.262,7.147,8.410,5.585,6.182,5.443,6.242,4.888,5.138,5.754,3.384,4.491,4.037,3.903,1.899,2.976,2.989,2.233,2.194,1.966,2.907,1.729,1.349,1.835,1.724,
335,-10.205,-6.916,-5.377,-4.549,-3.916,-4.691,-3.906,-3.982,-4.048,-2.877,-3.459,-3.061,-3.110,-3.002,-3.010,-2.678,-2.632,-1.953,-1.614,-1.730,-2.075,-1.993,-2.250,-1.455,-2.216,-2.055,-1.877,-1.792,-1.807,-1.756,-1.630,-0.838,-1.650,-1.246,-1.308,-1.043,-1.171,-1.083,-0.662,-0.384,23.693,272.539,942.923,863.077,229.981,12.503,1.978,2.121,2.428,3.746,3.988,4.427,5.816,6.283,8.367,9.702,10.691,13.250,13.595,15.355,17.529,20.456,22.362,27.545,29.600,31.856,30.547,27.579,28.732,30.528,30.564,33.401,31.467,33.023,33.183,34.227,34.240,34.900,38.125,37.152,38.991,37.330,38.810,40.386,40.960,40.497,41.077,38.699,40.501,40.033,38.785,40.836,41.092,39.500,39.053,38.915,37.768,38.813,39.783,37.409,37.743,36.819,36.656,36.152,35.222,34.025,32.886,32.882,32.509,31.851,32.863,28.394,30.020,29.490,28.938,27.186,27.149,25.292,23.901,25.493,23.677,24.566,22.826,21.783,20.738,21.309,20.314,18.494,18.115,16.446,16.226,16.926,14.633,15.341,14.826,14.449,12.744,13.780,13.641,11.431,11.949,10.630,11.064,10.331,10.885,10.656,9.656,8.302,7.721,7.785,8.382,7.547,6.087,6.386,5.065,5.960,6.222,5.347,6.185,4.235,4.101,4.083,3.921,3.187,4.821,3.479,3.832,2.593,3.710,1.836,2.595,2.221,1.019,2.456,1.791,1.110,
340,-5.990,-6.700,-5.402,-5.429,-4.776,-3.863,-3.596,-3.105,-3.640,-2.762,-3.284,-3.019,-2.726,-2.755,-2.461,-2.219,-2.098,-1.606,-1.835,-1.978,-1.616,-1.485,-1.828,-1.692,-1.746,-1.866,-1.483,-1.644,-1.340,-1.289,-1.051,-1.529,-1.715,-1.424,-1.137,-1.212,-0.797,-0.986,-0.891,-0.651,-0.906,-0.688,2.194,78.568,531.439,1004.048,523.651,73.312,2.781,2.522,2.882,2.990,4.152,5.617,5.880,8.497,9.805,10.154,11.253,13.580,13.908,14.629,16.194,19.814,20.610,25.818,26.185,31.851,31.098,30.828,29.204,26.985,28.976,31.278,32.273,32.187,32.060,36.603,34.380,36.388,36.015,36.485,39.505,38.777,37.962,38.696,37.415,39.813,37.929,39.539,39.043,40.561,41.289,40.084,37.962,35.131,38.587,36.642,37.719,38.660,38.730,35.464,37.308,34.244,35.329,33.443,31.979,32.800,33.588,31.235,34.098,30.645,28.134,30.521,25.884,26.307,27.303,24.726,24.727,26.343,23.501,22.717,23.837,21.637,19.490,20.360,19.803,19.027,19.338,16.746,15.813,16.540,15.709,15.723,15.932,14.476,13.600,13.155,13.511,11.191,12.118,12.635,10.816,9.993,8.449,9.776,8.007,8.840,8.630,7.419,7.543,7.985,6.871,6.597,6.414,6.064,4.968,5.224,4.636,5.514,5.326,5.306,3.559,4.133,3.662,3.461,2.692,2.547,2.800,1.935,2.722,1.361,2.157,2.099,1.611,1.490,
345,-6.622,-5.816,-4.088,-4.391,-3.453,-3.917,-3.284,-3.614,-2.722,-3.039,-3.281,-2.899,-2.507,-2.118,-2.386,-2.307,-1.720,-1.921,-1.787,-1.891,-1.617,-1.767,-1.440,-1.768,-1.125,-1.693,-1.429,-1.560,-1.424,-1.401,-1.693,-1.591,-1.254,-1.489,-1.096,-0.932,-0.942,-1.114,-0.913,-0.982,-1.115,-0.677,-0.816,-0.606,-0.221,20.285,263.193,853.417,762.267,182.376,11.379,3.056,3.231,2.826,4.170,5.255,5.051,7.176,9.678,9.192,9.535,11.252,13.525,14.394,15.670,16.702,19.170,20.289,21.764,25.496,29.400,30.818,27.899,27.395,29.367,30.554,29.513,31.657,30.572,32.926,33.001,35.450,35.047,36.484,35.142,34.741,36.748,37.792,36.309,34.090,36.905,35.711,35.309,37.028,36.931,37.310,37.003,36.252,36.609,34.729,35.154,36.707,33.218,33.506,34.264,33.860,31.701,34.213,34.138,30.544,30.331,28.143,28.708,29.211,29.139,26.428,26.300,26.346,25.381,23.636,23.551,22.948,24.246,20.773,20.741,20.101,19.402,19.135,18.199,18.057,18.275,16.773,16.167,15.754,14.388,13.617,12.889,13.153,12.315,12.119,12.477,12.427,10.760,9.995,10.741,9.713,9.556,9.404,7.852,9.498,7.078,7.350,6.405,7.638,6.176,5.703,5.880,4.907,4.255,4.528,3.546,5.190,3.862,3.609,2.361,2.930,3.784,2.585,3.602,2.139,1.680,2.679,1.627,3.457,1.945,0.927,
350,-6.311,-6.080,-5.273,-4.213,-3.431,-3.513,-2.890,-2.721,-3.207,-2.442,-1.734,-2.317,-2.226,-2.069,-1.786,-1.910,-1.572,-1.770,-1.623,-1.598,-1.551,-1.744,-1.570,-1.366,-1.354,-1.434,-1.462,-1.543,-0.955,-1.335,-1.616,-1.182,-1.216,-1.348,-0.870,-1.276,-1.110,-1.186,-1.053,-0.993,-1.094,-0.881,-0.705,-0.859,-0.560,-0.660,-0.575,3.483,118.239,621.073,902.501,351.938,35.793,3.379,2.403,3.465,3.528,5.100,5.305,5.922,7.069,8.726,10.699,11.061,11.946,13.529,14.268,15.214,17.278,18.412,19.246,21.981,26.591,27.896,29.808,27.809,29.083,30.065,29.156,29.417,29.952,31.216,30.123,34.002,31.299,32.273,34.353,33.361,34.011,35.294,33.874,35.415,34.102,35.986,35.849,36.430,35.466,35.067,35.882,35.625,34.281,33.301,33.173,33.081,34.427,34.486,31.844,29.432,32.373,28.911,29.840,28.198,27.184,29.703,26.920,25.718,26.028,24.590,24.415,23.579,21.889,21.903,21.226,23.054,19.772,19.217,18.502,20.117,17.141,17.073,15.953,16.870,14.601,14.490,14.141,14.435,14.025,15.156,11.686,13.147,11.797,10.534,11.568,9.929,10.545,9.271,10.466,8.292,7.435,8.691,6.911,7.904,6.498,7.226,7.027,5.990,4.550,5.510,4.698,5.657,4.136,4.436,4.231,4.141,4.057,3.230,2.578,2.736,3.416,2.736,2.590,2.444,1.374,1.361,1.731,1.033,
355,-6.482,-5.234,-4.793,-3.855,-3.336,-2.935,-3.261,-2.610,-2.506,-2.523,-2.308,-2.374,-2.343,-2.117,-2.204,-1.771,-1.910,-1.398,-1.413,-1.709,-1.483,-1.643,-1.574,-1.243,-1.555,-1.427,-1.025,-1.125,-1.139,-1.064,-1.251,-1.256,-1.050,-1.012,-1.128,-1.160,-0.787,-1.013,-1.083,-0.864,-0.892,-0.817,-0.764,-0.663,-0.855,-0.156,-0.705,-0.492,-0.518,0.400,20.404,287.382,821.403,719.504,165.476,10.378,2.907,2.746,3.227,3.991,5.000,5.448,6.515,6.086,9.689,9.653,11.277,12.215,12.483,12.974,14.228,16.853,18.138,18.853,20.382,24.545,26.072,28.715,29.024,28.571,27.149,27.124,28.846,28.454,29.102,29.423,28.725,31.652,31.813,29.748,31.953,31.726,32.334,32.604,32.585,32.560,32.177,32.784,33.352,31.966,32.184,29.142,33.146,31.121,30.870,31.184,28.752,28.439,27.882,26.945,28.228,29.336,27.275,26.666,26.055,24.642,25.268,25.004,23.675,22.310,21.678,21.239,20.848,19.764,20.447,18.942,18.979,18.282,17.786,15.479,15.193,16.021,15.687,13.910,15.840,13.664,14.988,12.754,12.594,11.954,11.184,9.995,9.522,11.486,9.462,9.054,8.225,7.929,9.224,8.490,7.585,7.622,6.219,7.136,5.414,7.012,5.432,5.277,5.129,4.488,3.654,2.888,3.655,4.676,3.392,5.286,2.379,3.562,2.089,2.677,2.539,2.364,1.624,1.602,1.909,1.369,
360,-5.864,-4.523,-4.931,-3.419,-3.008,-2.533,-2.202,-2.850,-2.002,-2.120,-2.223,-1.616,-2.296,-1.591,-1.677,-1.783,-1.527,-1.672,-1.473,-1.529,-1.179,-1.474,-1.496,-0.892,-1.268,-0.764,-1.360,-1.042,-1.091,-1.099,-1.111,-1.163,-0.776,-1.058,-0.967,-1.109,-0.883,-0.955,-0.973,-0.775,-0.827,-0.917,-0.869,-0.521,-0.776,-0.875,-0.707,-0.673,-0.239,-0.358,-0.468,0.188,4.525,100.155,576.061,868.336,404.479,41.175,3.469,2.863,3.270,3.383,4.205,4.570,5.979,7.004,7.930,8.735,9.052,11.022,12.386,11.972,13.910,13.669,14.388,17.399,19.424,20.230,21.891,26.295,27.918,28.422,25.924,26.421,25.346,24.417,26.691,27.784,29.635,27.241,29.341,31.717,29.708,29.137,30.326,29.173,30.039,29.218,30.248,30.013,30.312,30.066,30.370,29.769,29.522,28.362,27.694,27.631,26.180,27.041,27.530,26.953,26.374,25.703,25.142,23.584,23.181,22.213,21.719,22.371,21.889,19.584,20.039,18.398,18.004,18.266,17.526,18.206,17.364,16.710,16.613,15.295,14.807,14.593,13.535,14.185,11.945,12.516,11.960,10.480,11.886,9.922,11.201,9.892,8.852,8.928,8.535,8.727,8.268,8.072,9.552,7.076,7.964,6.325,5.413,6.619,6.118,5.530,4.427,6.071,5.009,4.195,4.626,3.235,3.605,3.943,2.330,3.544,2.948,2.166,2.960,2.207,2.167,1.796,1.485,2.010,
365,-4.705,-4.287,-3.537,-3.815,-2.898,-2.645,-2.073,-2.510,-2.084,-2.385,-1.999,-1.951,-2.046,-1.900,-1.743,-1.514,-1.323,-1.564,-1.224,-1.320,-1.512,-1.356,-1.350,-1.216,-0.984,-1.133,-1.150,-1.095,-1.121,-1.213,-1.175,-1.159,-1.118,-1.103,-1.103,-0.946,-0.871,-1.115,-0.602,-0.731,-0.718,-1.097,-0.650,-0.798,-0.605,-0.605,-0.675,-0.518,-0.721,-0.548,-0.417,-0.138,-0.539,-0.323,0.656,26.602,232.833,771.751,670.494,153.897,7.649,2.363,2.572,3.295,3.867,4.186,5.238,5.108,6.983,7.304,9.124,9.955,8.967,10.751,10.690,14.121,14.180,14.778,16.272,19.017,19.324,19.448,23.534,26.388,24.244,24.637,24.052,24.582,25.260,26.339,25.281,26.941,26.397,26.712,27.809,26.193,27.996,28.348,26.119,27.677,27.003,26.324,27.694,27.021,26.619,26.836,28.483,25.249,26.995,25.299,24.042,24.542,24.222,23.301,23.785,23.032,22.931,21.297,20.357,20.756,19.615,20.638,20.489,19.545,18.135,17.135,16.773,18.254,15.193,16.251,15.539,14.058,14.978,14.696,13.505,13.597,13.359,11.429,12.456,10.895,11.814,10.690,10.263,9.140,8.567,8.686,8.351,8.170,6.603,7.409,6.911,6.667,6.672,7.262,6.112,4.274,5.987,5.139,4.761,4.214,4.228,4.715,4.220,3.038,3.458,2.383,3.104,2.841,1.748,3.229,2.888,1.422,1.767,1.796,1.561,1.043,
370,-4.652,-4.319,-3.621,-3.355,-3.070,-2.540,-2.388,-2.034,-2.467,-2.160,-1.909,-1.678,-1.820,-1.109,-1.663,-1.588,-1.424,-1.266,-1.475,-1.466,-1.209,-1.421,-1.331,-1.403,-0.980,-1.323,-1.073,-0.807,-1.098,-1.082,-0.864,-0.841,-1.096,-0.897,-0.900,-0.963,-0.912,-0.858,-0.769,-0.698,-0.951,-0.759,-0.896,-0.755,-0.845,-0.759,-0.628,-0.741,-0.565,-0.482,-0.584,-0.570,-0.556,-0.245,-0.287,-0.325,-0.077,3.349,74.328,465.960,804.736,455.015,63.897,2.996,2.158,2.359,3.194,3.348,4.223,5.094,5.847,5.912,7.371,8.259,9.177,9.420,11.443,12.804,12.426,14.208,15.017,14.725,16.304,17.257,19.590,21.371,22.632,24.485,22.694,24.447,22.354,22.765,23.966,24.750,25.514,23.692,23.827,24.485,24.380,25.917,25.962,25.695,24.816,25.225,25.705,26.076,23.921,22.965,23.065,23.312,23.315,23.846,22.560,23.212,21.568,21.487,21.909,20.597,20.418,20.613,19.656,20.208,19.382,18.416,18.511,17.324,15.773,15.675,14.306,15.242,14.076,14.345,13.888,12.280,15.155,12.522,12.247,12.277,10.811,11.752,10.914,10.630,9.184,9.800,9.512,8.276,8.735,7.752,7.940,7.171,6.296,6.581,6.300,5.992,6.102,5.978,4.982,4.548,4.376,4.988,3.398,4.123,4.671,3.656,2.887,2.566,3.274,2.816,1.622,1.976,3.142,2.500,1.644,2.096,1.888,1.921,
375,-5.477,-3.758,-3.137,-2.430,-2.443,-2.515,-2.796,-2.215,-2.214,-1.623,-1.812,-2.084,-1.835,-1.208,-1.400,-1.353,-1.599,-1.271,-1.275,-1.174,-1.403,-1.016,-1.425,-1.188,-1.012,-1.090,-1.241,-1.188,-1.167,-1.114,-0.917,-1.134,-1.093,-1.172,-0.955,-0.763,-1.022,-0.823,-0.902,-0.949,-0.866,-0.924,-0.835,-0.868,-0.608,-0.703,-0.492,-0.597,-0.821,-0.569,-0.773,-0.680,-0.256,-0.484,-0.604,-0.554,-0.423,-0.271,-0.191,0.668,27.897,212.526,700.892,603.076,151.393,8.490,2.003,2.443,3.008,3.683,3.698,4.700,4.656,5.701,7.451,6.342,9.710,9.374,10.353,10.106,12.196,11.959,13.411,13.178,14.638,17.214,15.595,17.765,18.454,22.570,22.275,22.058,22.509,20.874,20.541,21.511,21.745,23.051,22.695,22.849,22.485,22.772,22.997,24.949,23.012,23.680,23.023,23.304,22.207,22.169,21.184,22.143,21.290,21.514,19.499,19.947,20.357,19.350,18.238,19.156,18.038,17.944,18.019,16.574,17.013,16.628,16.981,15.969,14.589,14.248,13.520,14.010,13.466,13.247,12.287,11.263,11.303,12.214,10.320,10.734,10.326,9.942,8.585,10.240,7.747,8.116,8.409,9.159,7.113,6.996,6.307,5.649,6.025,5.856,5.576,5.702,4.823,3.847,5.225,4.389,4.322,4.977,4.806,3.317,3.112,2.713,3.291,3.011,2.395,3.552,2.732,2.413,2.080,2.467,2.449,1.898,
380,-4.883,-4.145,-3.348,-2.726,-1.755,-2.610,-2.031,-2.217,-2.303,-1.829,-1.915,-1.643,-1.370,-1.583,-1.591,-1.260,-1.574,-1.421,-1.323,-1.270,-1.227,-1.163,-0.889,-1.264,-1.094,-1.129,-1.043,-0.860,-1.103,-0.925,-0.986,-1.042,-0.777,-0.756,-0.887,-1.068,-0.737,-0.852,-0.902,-0.968,-0.929,-0.706,-0.820,-0.717,-0.781,-0.915,-0.621,-0.680,-0.576,-0.659,-0.594,-0.577,-0.540,-0.656,-0.207,-0.099,-0.611,-0.391,-0.239,-0.033,-0.111,0.174,3.327,123.204,590.671,926.978,407.389,48.364,2.974,2.649,2.009,2.599,3.400,4.227,4.127,4.218,5.330,5.972,7.106,7.975,8.179,9.290,10.111,10.933,12.024,12.256,12.211,13.707,15.103,15.348,15.072,18.106,19.188,20.289,19.395,20.897,19.090,18.754,18.843,19.771,19.018,20.717,21.540,20.312,20.776,21.099,20.057,20.153,20.070,21.015,20.369,20.325,19.836,19.779,19.992,18.178,19.073,17.597,19.095,16.636,16.819,17.620,18.261,15.173,15.964,15.459,14.752,14.385,13.727,14.146,12.425,12.719,12.439,12.086,11.681,11.462,10.212,10.319,9.858,10.057,10.076,8.437,7.324,8.741,8.853,7.053,7.766,6.343,6.758,6.514,6.305,6.133,5.206,5.654,5.857,4.710,4.405,5.058,5.249,4.386,3.826,3.069,3.776,4.005,2.810,2.998,3.278,2.960,2.817,2.728,1.816,2.123,1.708,1.659,1.806,2.038,
385,-3.838,-3.696,-2.768,-2.963,-2.715,-2.160,-2.524,-2.276,-1.818,-2.132,-2.088,-1.414,-1.524,-1.625,-1.573,-1.572,-1.393,-1.628,-1.094,-1.544,-1.225,-1.218,-1.233,-1.108,-1.095,-1.090,-1.242,-0.948,-1.166,-1.149,-0.835,-0.729,-0.869,-0.856,-1.008,-0.888,-0.896,-0.820,-0.888,-0.790,-1.055,-0.602,-0.902,-0.779,-0.910,-0.843,-0.850,-0.775,-0.610,-0.529,-0.533,-0.703,-0.708,-0.526,-0.652,-0.458,-0.439,-0.209,-0.622,-0.424,-0.338,-0.263,-0.268,-0.317,0.549,16.625,216.889,651.081,651.795,176.916,13.650,1.823,2.419,2.637,2.411,3.424,3.802,4.162,4.228,5.789,5.999,7.645,6.346,7.456,9.000,10.083,9.906,11.390,10.170,11.085,12.561,13.529,13.705,13.655,16.383,16.559,17.542,18.305,18.391,19.180,17.309,17.083,16.223,17.360,17.868,17.538,17.475,19.002,17.277,18.904,17.960,17.650,16.559,17.654,16.528,15.580,17.175,17.185,16.658,15.224,14.732,15.542,14.547,15.272,15.331,13.606,13.107,13.390,12.660,11.808,11.405,10.991,11.633,10.792,11.182,10.593,10.166,10.229,9.558,9.971,8.728,7.968,7.930,7.848,7.401,7.429,7.395,6.830,5.854,5.104,5.608,5.913,4.992,4.160,4.546,5.336,3.847,4.366,3.840,4.205,3.994,3.462,3.693,2.923,2.661,3.172,3.177,2.049,2.571,2.364,1.678,2.479,2.244,1.485,2.363,1.436,
390,-3.072,-4.346,-2.576,-2.675,-3.062,-2.147,-2.206,-2.001,-1.487,-1.813,-1.603,-1.570,-1.327,-1.396,-1.379,-1.228,-1.444,-1.423,-1.453,-1.242,-1.080,-1.283,-1.196,-1.022,-1.133,-1.118,-1.208,-1.079,-1.062,-1.027,-0.842,-1.118,-1.087,-0.872,-0.743,-0.983,-0.731,-0.767,-0.769,-0.911,-0.832,-0.755,-0.773,-0.727,-0.629,-0.750,-0.561,-0.779,-0.794,-0.760,-0.722,-0.704,-0.376,-0.408,-0.538,-0.584,-0.649,-0.528,-0.389,-0.382,-0.556,-0.223,-0.297,-0.378,-0.087,-0.281,0.236,3.129,78.993,445.308,728.156,367.555,42.469,2.678,1.657,1.640,2.347,2.886,3.359,4.380,3.810,4.574,5.301,5.753,5.745,7.146,7.532,8.071,8.575,9.028,9.498,11.347,10.411,10.331,11.500,11.970,13.064,14.110,14.456,15.415,17.841,16.255,14.733,15.123,14.426,14.162,14.860,14.334,15.355,15.293,14.945,15.145,14.666,13.376,14.580,15.465,14.429,14.381,14.245,14.080,13.526,14.166,13.171,11.850,12.472,11.825,11.876,11.990,11.012,10.884,11.210,10.853,10.541,9.878,10.039,10.606,8.343,9.014,8.172,8.712,7.170,7.096,8.083,6.883,7.163,7.616,7.471,6.439,6.769,5.954,4.730,5.290,4.191,4.299,4.154,4.152,4.675,3.532,3.746,3.511,4.001,3.718,2.389,3.125,2.982,2.765,1.328,2.991,2.466,2.112,2.095,1.930,2.316,1.842,1.457,1.681,
395,-3.795,-3.935,-2.193,-2.440,-2.156,-2.252,-1.750,-2.066,-2.276,-1.656,-1.489,-1.463,-1.555,-1.569,-1.383,-1.155,-1.157,-1.083,-1.111,-1.142,-1.143,-1.021,-1.077,-1.253,-1.173,-0.927,-1.076,-0.900,-0.874,-0.837,-0.914,-0.743,-0.698,-0.709,-0.548,-0.779,-0.659,-0.737,-0.689,-0.695,-0.688,-0.657,-0.753,-0.629,-0.736,-0.529,-0.439,-0.619,-0.643,-0.567,-0.568,-0.346,-0.605,-0.519,-0.580,-0.592,-0.494,-0.479,-0.382,-0.370,-0.311,-0.382,-0.408,-0.364,-0.273,-0.195,-0.109,-0.136,-0.110,0.721,18.153,197.334,637.214,582.615,143.037,7.512,1.365,1.600,1.758,2.303,3.048,2.728,2.844,3.639,4.218,4.808,5.600,6.017,6.597,6.073,6.766,7.121,7.250,7.909,9.505,9.447,9.175,10.029,10.080,11.047,12.629,12.684,12.598,13.116,13.048,13.217,13.118,12.959,12.136,12.738,13.093,12.831,13.455,12.128,12.307,12.143,12.836,12.193,11.823,11.132,11.457,11.820,11.390,10.808,10.643,10.873,9.866,9.926,10.039,9.658,8.846,8.728,9.517,8.030,8.159,8.603,8.609,8.196,7.315,6.963,7.076,6.883,7.642,6.712,6.503,5.729,6.255,5.361,5.016,4.993,4.884,3.893,4.795,4.396,3.800,3.799,3.279,3.404,3.009,4.150,3.099,2.393,3.324,2.786,2.054,1.940,2.385,1.700,2.586,1.834,1.993,1.652,1.136,1.245,0.758,1.383,
400,-4.933,-4.255,-2.720,-2.408,-1.564,-1.920,-1.683,-1.976,-1.883,-1.451,-1.380,-1.434,-1.286,-1.204,-1.338,-1.020,-1.085,-1.258,-0.996,-1.057,-1.142,-0.978,-0.951,-1.049,-0.796,-0.968,-0.778,-0.801,-0.845,-1.007,-0.784,-0.859,-0.587,-0.658,-0.730,-0.758,-0.852,-0.630,-0.790,-0.496,-0.670,-0.665,-0.443,-0.713,-0.433,-0.536,-0.650,-0.557,-0.647,-0.520,-0.627,-0.589,-0.436,-0.585,-0.507,-0.486,-0.432,-0.560,-0.470,-0.329,-0.454,-0.310,-0.295,-0.260,-0.306,-0.240,-0.339,-0.227,-0.272,0.152,-0.176,0.039,2.858,57.217,386.774,652.935,343.922,42.683,2.056,1.413,1.414,1.787,1.535,2.647,3.029,2.918,3.519,3.520,4.607,4.777,5.081,5.554,5.689,6.118,6.311,6.968,7.687,7.790,7.504,9.321,8.445,9.297,9.437,9.992,10.610,10.494,12.230,13.092,11.488,11.013,11.387,10.314,11.208,10.665,10.699,10.770,10.792,10.117,9.636,10.097,9.946,9.425,9.917,9.741,9.338,9.526,9.684,9.185,9.231,8.743,8.593,8.275,8.577,7.716,7.544,8.110,7.173,7.321,6.785,6.538,6.420,6.143,5.787,5.203,5.781,5.831,5.364,4.316,4.511,4.215,4.867,3.865,3.706,3.434,4.337,3.597,3.031,3.847,3.622,2.598,2.992,3.504,1.981,2.395,2.702,1.162,1.385,2.403,1.670,2.281,1.473,1.758,1.293,1.070,0.854,1.061,
405,-3.389,-3.702,-3.121,-2.310,-2.161,-1.955,-2.273,-2.293,-1.864,-1.648,-1.469,-1.392,-1.408,-1.208,-1.091,-1.160,-1.124,-1.050,-1.056,-1.015,-1.118,-1.014,-0.990,-0.988,-0.782,-0.830,-0.793,-0.772,-0.800,-0.838,-0.757,-0.903,-0.777,-0.900,-0.822,-0.673,-0.602,-0.597,-0.807,-0.529,-0.585,-0.795,-0.641,-0.443,-0.721,-0.800,-0.675,-0.620,-0.642,-0.645,-0.654,-0.709,-0.461,-0.560,-0.495,-0.506,-0.586,-0.486,-0.528,-0.613,-0.502,-0.376,-0.288,-0.479,-0.402,-0.344,-0.326,-0.362,-0.328,-0.277,-0.299,-0.438,0.101,-0.129,0.914,25.478,203.838,592.760,457.082,103.848,5.530,1.575,1.607,1.812,1.960,1.965,2.249,3.057,2.841,3.459,3.707,5.314,4.665,5.373,4.976,5.996,6.710,6.114,6.550,6.870,6.912,7.688,7.726,7.750,8.857,8.895,8.939,10.563,10.337,10.975,11.352,10.968,11.001,9.848,10.453,10.065,9.699,10.085,10.015,9.897,9.881,9.317,8.833,9.057,9.828,7.843,8.494,8.109,8.365,7.971,7.758,7.435,8.787,8.187,6.852,7.676,7.252,6.275,5.621,6.716,5.457,6.105,6.149,5.556,5.142,4.956,4.792,5.016,5.749,4.812,4.273,4.144,3.976,4.330,4.122,3.886,3.113,2.886,3.239,2.970,2.678,2.761,2.732,1.691,2.226,2.206,2.279,1.430,1.810,1.492,1.581,0.940,1.821,1.422,1.031,1.594,
410,-3.232,-3.860,-2.700,-2.713,-2.391,-2.546,-2.089,-1.369,-1.837,-1.530,-1.071,-1.264,-1.080,-1.362,-1.374,-0.962,-1.194,-0.980,-1.041,-1.166,-0.698,-1.064,-0.976,-1.001,-0.985,-0.887,-0.909,-0.853,-0.988,-0.766,-0.738,-0.839,-0.817,-0.768,-0.725,-0.652,-0.579,-0.690,-0.672,-0.695,-0.772,-0.617,-0.684,-0.561,-0.677,-0.700,-0.522,-0.623,-0.578,-0.506,-0.558,-0.509,-0.640,-0.554,-0.673,-0.631,-0.553,-0.460,-0.541,-0.403,-0.523,-0.440,-0.286,-0.367,-0.370,-0.412,-0.492,-0.383,-0.439,-0.254,-0.465,-0.445,-0.148,-0.144,-0.153,-0.007,0.043,4.047,91.993,422.901,608.834,228.488,24.585,1.484,1.484,1.600,1.651,1.935,2.374,3.086,3.127,3.299,3.936,3.833,4.432,4.755,5.141,5.156,6.299,6.725,6.659,7.284,7.257,6.823,8.226,7.216,8.120,9.233,8.579,8.955,8.795,10.110,9.160,10.131,10.618,11.637,10.263,9.320,9.431,9.184,9.240,9.460,10.061,9.390,9.102,8.525,8.278,8.891,8.782,8.033,8.113,7.855,7.208,6.563,6.689,7.176,7.617,7.236,6.061,7.527,6.187,6.341,5.972,6.409,5.817,5.310,4.772,5.319,5.085,3.841,4.601,4.228,4.000,3.220,4.084,2.773,3.653,3.141,2.383,3.458,2.715,2.608,2.762,2.542,2.052,2.307,1.657,1.914,1.928,1.515,1.739,1.545,1.666,1.562,1.369,1.022,
415,-4.145,-3.642,-2.309,-2.773,-2.032,-2.027,-2.099,-1.898,-1.437,-1.549,-1.633,-1.254,-1.194,-1.018,-1.296,-1.292,-0.931,-0.966,-1.139,-1.287,-0.854,-0.967,-1.003,-0.958,-0.879,-0.901,-0.950,-0.662,-0.648,-0.614,-0.794,-0.788,-0.557,-0.741,-0.748,-0.735,-0.553,-0.527,-0.639,-0.366,-0.788,-0.734,-0.779,-0.705,-0.554,-0.632,-0.456,-0.488,-0.733,-0.556,-0.597,-0.563,-0.607,-0.547,-0.572,-0.583,-0.573,-0.485,-0.542,-0.542,-0.507,-0.486,-0.467,-0.204,-0.328,-0.309,-0.409,-0.228,-0.398,-0.410,-0.423,-0.443,-0.512,-0.268,-0.381,-0.230,-0.250,-0.004,0.174,0.632,20.260,256.154,718.344,568.586,109.343,5.737,1.909,1.455,1.664,2.148,2.444,2.572,2.341,3.075,3.336,3.483,4.232,4.175,5.626,5.334,5.503,5.187,5.898,6.986,6.719,6.513,7.079,6.749,7.592,7.410,7.340,8.934,8.006,8.123,9.646,9.265,10.164,9.580,10.682,9.353,8.731,8.533,7.622,7.480,8.000,7.864,8.181,7.528,8.224,8.264,7.911,7.292,6.938,7.178,6.071,6.958,7.522,6.159,6.720,5.821,5.458,6.154,5.302,5.336,5.182,5.095,5.097,5.754,4.682,4.679,4.467,4.190,3.016,3.339,3.187,3.278,4.130,3.393,2.743,3.288,3.043,2.702,2.482,2.470,2.522,1.325,1.995,2.058,2.150,1.599,1.765,2.020,1.386,0.914,0.606,1.587,
420,-4.387,-3.754,-2.524,-1.917,-2.210,-1.375,-1.905,-1.678,-1.803,-1.688,-1.287,-1.281,-1.519,-1.172,-1.237,-1.102,-0.856,-0.591,-1.062,-0.983,-0.855,-0.664,-0.664,-0.803,-0.586,-0.793,-0.746,-0.657,-0.711,-0.705,-0.571,-0.803,-0.519,-0.557,-0.658,-0.656,-0.553,-0.582,-0.760,-0.600,-0.507,-0.641,-0.614,-0.399,-0.672,-0.512,-0.686,-0.532,-0.700,-0.500,-0.630,-0.440,-0.652,-0.591,-0.497,-0.514,-0.384,-0.608,-0.439,-0.539,-0.530,-0.450,-0.328,-0.491,-0.471,-0.330,-0.172,-0.360,-0.179,-0.448,-0.200,-0.264,-0.419,-0.303,-0.340,-0.084,-0.218,-0.201,-0.169,-0.235,-0.320,0.017,5.539,91.370,388.336,474.657,160.576,13.489,1.399,1.053,1.747,1.571,1.919,2.121,2.748,2.674,2.961,3.026,3.168,4.094,4.190,4.683,4.999,5.102,5.284,4.958,5.780,6.142,6.149,7.170,7.357,6.870,7.374,6.565,6.500,7.300,8.282,8.308,8.264,7.507,9.115,8.411,7.908,7.196,7.555,7.571,6.695,7.546,6.632,7.194,6.679,6.207,7.144,6.393,6.331,6.190,5.608,5.979,5.840,5.233,5.725,5.682,5.831,5.314,4.809,4.371,5.551,4.513,4.815,4.132,3.904,3.848,3.563,3.364,3.259,2.861,3.071,2.878,3.210,2.491,2.602,2.300,2.563,1.689,2.079,2.083,2.088,2.069,1.460,1.728,1.412,1.109,1.116,1.395,1.215,1.014,
425,-3.851,-3.508,-2.361,-1.380,-2.267,-1.884,-1.627,-1.197,-1.774,-1.582,-1.402,-1.370,-1.216,-1.199,-1.214,-1.039,-1.158,-0.918,-0.942,-0.958,-0.950,-1.000,-0.987,-0.855,-0.701,-0.838,-0.519,-0.614,-0.715,-0.734,-0.719,-0.747,-0.538,-0.691,-0.625,-0.606,-0.703,-0.468,-0.539,-0.674,-0.498,-0.630,-0.529,-0.533,-0.524,-0.505,-0.487,-0.493,-0.555,-0.606,-0.525,-0.624,-0.504,-0.447,-0.577,-0.372,-0.415,-0.384,-0.456,-0.345,-0.252,-0.437,-0.432,-0.427,-0.235,-0.339,-0.348,-0.272,-0.300,-0.300,-0.440,-0.460,-0.131,-0.373,-0.317,-0.339,-0.362,-0.074,-0.282,-0.259,-0.183,-0.159,-0.239,-0.088,1.002,23.178,181.600,418.021,305.228,53.742,3.033,1.106,1.206,1.561,1.878,1.840,2.192,2.421,2.462,3.192,3.405,3.275,3.677,4.290,4.386,4.164,4.162,4.568,5.118,5.107,5.301,5.683,5.708,5.902,6.129,5.908,5.784,5.784,6.571,6.614,6.576,6.974,7.697,7.506,7.539,6.601,6.830,6.285,6.252,6.151,5.478,5.645,5.814,6.064,5.755,6.117,5.833,5.422,5.129,5.160,5.575,4.723,4.604,4.608,4.839,4.089,3.890,3.791,3.382,3.453,3.795,3.811,3.436,3.148,3.465,3.152,3.384,2.874,2.313,2.490,3.128,1.881,2.355,2.747,1.994,1.959,1.563,1.442,1.954,1.716,1.226,1.076,0.919,1.046,0.863,1.111,
430,-3.515,-3.110,-2.310,-2.068,-1.529,-1.668,-1.822,-1.758,-1.815,-1.676,-1.133,-1.499,-0.983,-1.106,-0.879,-0.912,-0.785,-0.990,-0.669,-0.829,-0.846,-0.675,-0.942,-0.465,-0.747,-0.605,-0.631,-0.611,-0.797,-0.760,-0.472,-0.624,-0.607,-0.662,-0.611,-0.715,-0.663,-0.664,-0.738,-0.439,-0.415,-0.514,-0.340,-0.588,-0.640,-0.605,-0.608,-0.405,-0.549,-0.555,-0.479,-0.524,-0.494,-0.275,-0.359,-0.468,-0.467,-0.382,-0.360,-0.399,-0.343,-0.319,-0.353,-0.407,-0.368,-0.395,-0.383,-0.294,-0.318,-0.151,-0.425,-0.420,-0.187,-0.440,-0.484,-0.325,-0.343,-0.458,-0.268,-0.104,-0.231,-0.126,-0.125,-0.249,-0.264,-0.015,0.051,4.604,53.706,266.496,361.322,164.455,18.428,1.280,1.023,1.444,1.602,1.640,2.355,2.301,2.334,2.437,3.234,2.241,2.785,3.055,3.386,4.131,3.731,4.030,4.871,4.250,4.545,4.377,4.716,4.527,4.532,4.917,5.577,5.320,4.897,4.817,5.391,6.086,4.916,5.807,6.225,5.773,6.187,5.445,5.565,4.995,5.252,4.375,5.424,4.555,4.640,3.893,4.645,4.104,4.461,4.002,3.759,4.097,4.562,3.291,3.549,3.511,3.298,3.064,3.623,2.774,3.052,3.042,3.182,2.727,2.757,2.174,2.948,3.002,2.244,2.051,1.972,1.680,1.555,2.035,1.123,1.056,1.178,1.321,1.396,1.244,0.954,1.316,1.268,0.136,
435,-3.470,-3.404,-2.059,-2.037,-1.424,-1.879,-1.589,-1.272,-1.347,-1.013,-1.026,-0.894,-1.096,-1.220,-1.012,-0.790,-0.919,-0.615,-0.715,-0.960,-0.810,-0.799,-0.831,-0.568,-0.689,-0.504,-0.671,-0.630,-0.680,-0.597,-0.551,-0.628,-0.700,-0.550,-0.526,-0.425,-0.497,-0.312,-0.602,-0.340,-0.383,-0.518,-0.418,-0.547,-0.491,-0.493,-0.505,-0.466,-0.377,-0.411,-0.521,-0.459,-0.465,-0.325,-0.380,-0.457,-0.424,-0.123,-0.402,-0.392,-0.414,-0.385,-0.315,-0.366,-0.228,-0.301,-0.351,-0.303,-0.308,-0.445,-0.388,-0.338,-0.254,-0.366,-0.347,-0.421,-0.206,-0.116,-0.318,-0.402,-0.188,-0.343,-0.097,-0.034,-0.091,0.002,-0.223,-0.043,-0.033,0.591,20.480,141.213,340.490,235.611,47.231,2.772,1.100,1.169,1.620,1.459,1.917,2.080,2.002,1.921,2.039,2.606,2.719,2.648,2.820,2.970,3.473,3.865,3.745,3.820,3.600,3.904,4.099,4.182,4.595,4.634,4.534,4.547,4.325,4.011,4.412,4.757,4.937,4.131,5.933,4.453,5.595,5.331,4.948,5.283,4.496,4.466,4.304,4.503,3.949,3.471,3.897,4.135,3.934,3.972,3.854,3.379,3.615,2.924,2.587,3.427,2.743,2.892,2.564,2.744,3.040,2.503,2.227,2.755,2.039,1.622,2.224,2.059,1.646,2.226,1.772,2.277,1.565,1.320,1.108,1.127,1.563,1.385,0.532,0.810,1.365,1.095,
440,-3.351,-2.667,-2.057,-1.486,-1.720,-1.452,-1.184,-1.634,-0.609,-1.045,-0.975,-1.204,-0.971,-0.891,-0.640,-0.732,-0.909,-0.540,-0.619,-0.802,-0.816,-0.614,-0.639,-0.687,-0.435,-0.673,-0.590,-0.711,-0.613,-0.519,-0.417,-0.462,-0.481,-0.536,-0.643,-0.548,-0.436,-0.454,-0.497,-0.508,-0.479,-0.435,-0.517,-0.348,-0.540,-0.340,-0.485,-0.437,-0.395,-0.362,-0.455,-0.370,-0.367,-0.414,-0.280,-0.217,-0.406,-0.307,-0.371,-0.353,-0.197,-0.216,-0.377,-0.298,-0.203,-0.349,-0.283,-0.335,-0.249,-0.214,-0.335,-0.298,-0.299,-0.311,-0.348,-0.310,-0.269,-0.304,-0.169,-0.146,-0.312,-0.178,-0.250,-0.066,-0.138,-0.183,-0.150,-0.166,-0.055,0.177,0.019,0.280,2.906,48.493,213.198,303.037,121.472,14.875,1.333,0.965,1.102,1.567,1.621,1.342,1.962,2.129,1.996,1.779,2.261,2.547,2.487,2.514,2.829,3.500,2.679,3.325,3.759,3.386,3.900,3.474,4.086,3.811,3.252,4.141,3.810,4.156,4.473,3.623,4.360,3.555,4.358,4.407,4.783,4.874,4.517,4.072,4.318,3.817,3.903,3.642,3.296,3.412,3.186,3.021,3.465,3.263,2.946,3.210,2.637,2.772,2.503,2.856,2.510,2.419,2.231,2.296,2.304,2.598,2.106,1.703,1.453,1.985,1.960,1.536,1.271,1.558,1.481,1.409,1.204,1.156,1.527,0.678,0.684,1.112,0.286,0.532,
445,-2.834,-2.362,-2.418,-1.752,-1.343,-1.718,-1.574,-1.030,-1.252,-1.238,-1.218,-1.013,-1.157,-0.654,-0.836,-0.858,-0.753,-0.688,-0.717,-0.558,-0.672,-0.523,-0.691,-0.738,-0.657,-0.519,-0.743,-0.543,-0.527,-0.650,-0.491,-0.552,-0.343,-0.462,-0.479,-0.645,-0.398,-0.527,-0.457,-0.451,-0.502,-0.365,-0.409,-0.240,-0.252,-0.512,-0.388,-0.324,-0.374,-0.501,-0.366,-0.463,-0.405,-0.306,-0.371,-0.313,-0.286,-0.374,-0.003,-0.179,-0.325,-0.335,-0.347,-0.366,-0.301,-0.278,-0.337,-0.372,-0.348,-0.316,-0.326,-0.355,-0.360,-0.278,-0.233,-0.369,-0.266,-0.226,-0.178,-0.247,-0.134,-0.227,-0.225,-0.167,-0.105,-0.153,-0.202,-0.156,-0.168,-0.063,-0.075,-0.124,0.001,0.184,0.450,11.204,104.951,276.291,237.055,55.470,4.590,0.793,1.081,0.741,1.394,1.334,1.448,1.557,1.959,1.786,1.926,1.868,2.197,2.415,2.587,2.525,2.915,2.958,3.146,3.259,2.840,2.823,3.076,3.302,3.029,3.109,3.230,3.531,2.902,3.170,3.397,3.646,3.689,4.106,4.028,3.506,3.699,3.631,4.120,4.062,3.651,3.637,3.073,2.889,2.876,2.856,2.780,2.659,2.500,2.563,2.804,2.328,2.276,2.380,1.723,1.887,1.993,1.731,1.555,1.661,2.107,1.905,1.625,0.932,1.049,1.233,0.880,1.202,1.461,1.190,0.890,0.556,0.900,0.566,0.775,0.264,
450,-2.334,-2.052,-1.397,-1.024,-0.927,-1.182,-1.148,-1.090,-1.289,-0.922,-0.865,-1.026,-0.810,-0.796,-0.719,-0.702,-0.502,-0.684,-0.567,-0.599,-0.452,-0.616,-0.520,-0.390,-0.407,-0.410,-0.531,-0.489,-0.601,-0.505,-0.453,-0.432,-0.425,-0.314,-0.445,-0.333,-0.374,-0.369,-0.460,-0.395,-0.203,-0.368,-0.424,-0.459,-0.293,-0.491,-0.294,-0.231,-0.275,-0.280,-0.342,-0.246,-0.255,-0.268,-0.294,-0.281,-0.215,-0.322,-0.265,-0.167,-0.219,-0.233,-0.208,-0.292,-0.313,-0.238,-0.257,-0.187,-0.260,-0.180,-0.235,-0.255,-0.239,-0.191,-0.244,-0.270,-0.149,-0.242,-0.225,0.035,-0.070,-0.125,-0.132,-0.135,-0.125,0.018,-0.214,0.051,0.050,-0.180,0.059,-0.156,-0.031,-0.032,0.104,0.120,0.309,2.251,33.927,178.654,279.388,123.971,12.203,1.214,1.033,1.049,1.096,1.164,1.301,1.415,1.461,1.182,1.830,1.821,1.973,1.702,2.225,2.298,2.225,2.691,2.775,2.590,2.611,2.873,2.883,2.672,2.531,3.197,3.093,2.984,2.525,2.463,2.874,3.124,3.184,3.089,2.703,3.249,2.877,3.800,3.264,3.889,3.143,3.021,2.888,3.018,2.656,2.072,2.214,2.249,2.020,2.352,2.338,2.131,2.250,2.029,2.265,1.629,2.344,1.381,1.197,1.587,1.409,1.436,1.128,1.251,0.889,1.169,0.886,0.654,0.773,0.764,0.695,0.737,0.628,0.712,
