"Summary"
"[Software Information]"
"Software Name:","LabSolutions RF"
"Version:","1.12"
"[Data Information]"
"Data is:","Modified"
"Sample Name:","AP01_2705"
"Sample ID"
"Option"
"Analyst"
"Date/Time:","17/06/2025 10:20:32"
"Comments"
"[Instrument Information]"
"Instrument Name:","Fluoro"
"Instrument Type:","RF-6000 Series"
"Model (S/N):","RF-6000 (A40245500667SA)"

"Parameter"
"[Measurement]"
"Spectrum Type:","3D"
"EX Wavelength Start:","240.0 nm"
"EX Wavelength End:","450.0 nm"
"Data Interval:","5.0 nm"
"EM Wavelength Start:","250.0 nm"
"EM Wavelength End:","600.0 nm"
"Data Interval:","2.0 nm"
"Scan Speed:","6000 nm/min"
"[Instrument]"
"EX Bandwidth:","3.0 nm"
"EM Bandwidth:","3.0 nm"
"Sensitivity:","High"
"[Attachment]"
"Attachment:","None"
"[Auto Print]"
"Auto Print:","No"
"Report File:",""

"AP01_2705.fs3f - CorrectionData"
"EX Wavelength/EM Wavelength",250,252,254,256,258,260,262,264,266,268,270,272,274,276,278,280,282,284,286,288,290,292,294,296,298,300,302,304,306,308,310,312,314,316,318,320,322,324,326,328,330,332,334,336,338,340,342,344,346,348,350,352,354,356,358,360,362,364,366,368,370,372,374,376,378,380,382,384,386,388,390,392,394,396,398,400,402,404,406,408,410,412,414,416,418,420,422,424,426,428,430,432,434,436,438,440,442,444,446,448,450,452,454,456,458,460,462,464,466,468,470,472,474,476,478,480,482,484,486,488,490,492,494,496,498,500,502,504,506,508,510,512,514,516,518,520,522,524,526,528,530,532,534,536,538,540,542,544,546,548,550,552,554,556,558,560,562,564,566,568,570,572,574,576,578,580,582,584,586,588,590,592,594,596,598,600,
240,-121.209,-146.095,-102.899,-91.243,-40.618,-15.434,-32.180,-63.898,-59.854,-69.140,-56.842,-55.599,-56.318,-58.842,-53.265,-46.291,-45.134,-38.236,-38.002,-43.067,-38.993,-36.747,-33.085,-28.304,-33.282,-33.556,-35.435,-24.389,-27.912,-24.721,-27.555,-29.998,-23.808,-21.388,-29.512,-21.210,-20.009,-22.303,-25.087,-22.345,-24.748,-13.892,-21.703,-16.106,-20.818,-17.781,-13.348,-12.755,-15.797,-9.424,-3.585,-4.596,-9.888,-0.015,-0.592,-5.302,-7.685,-1.125,-2.265,8.625,4.561,5.117,10.577,2.585,17.888,13.129,10.870,12.925,11.605,20.277,12.373,27.007,18.040,15.887,19.988,22.347,20.645,20.221,13.838,31.134,28.093,24.459,26.278,27.434,22.647,32.717,30.314,23.860,24.040,20.783,21.946,21.709,28.434,41.212,28.947,33.531,38.711,31.193,35.468,24.452,21.323,27.349,25.867,32.026,20.889,23.753,20.592,8.772,12.984,18.736,25.914,18.220,31.497,113.530,185.028,240.541,200.609,105.115,44.142,11.882,18.936,15.284,5.655,6.703,9.313,-5.025,6.693,10.605,4.286,4.383,0.414,1.439,-3.131,2.561,1.605,12.837,13.039,12.674,-4.740,-1.009,3.385,-14.944,-17.329,-5.695,-16.915,-23.058,-16.573,-19.662,-10.530,-14.682,-17.479,-19.529,-14.493,-26.129,-16.931,-25.281,-9.072,-23.176,-28.433,-21.775,-30.209,-31.039,-22.239,-33.012,-32.291,-26.904,-36.866,-35.656,-35.173,-23.315,-31.420,-35.889,-35.097,-33.559,-36.515,-47.280,
245,-61.481,-87.552,-85.578,-57.608,-65.532,-55.166,-51.243,-18.507,-9.739,16.919,-0.054,-30.710,-39.769,-38.818,-36.978,-34.949,-27.831,-33.833,-29.330,-36.731,-23.306,-25.749,-28.984,-33.539,-23.630,-26.604,-22.618,-20.802,-19.245,-20.840,-23.979,-18.092,-19.245,-17.269,-20.028,-18.362,-19.787,-15.755,-17.723,-12.488,-15.739,-12.942,-12.577,-16.637,-12.399,-11.710,-14.475,-6.832,-7.744,-1.011,-8.146,-3.878,-7.057,2.265,0.199,3.898,2.142,1.724,3.487,0.548,5.741,4.079,14.992,13.655,9.060,10.628,11.401,35.149,20.844,22.052,23.478,14.856,20.030,23.507,17.596,25.829,23.729,27.268,31.663,28.037,30.198,33.504,29.049,20.484,32.074,28.718,26.890,31.540,28.227,38.606,29.227,31.719,30.009,27.733,26.666,31.790,42.515,30.059,31.965,30.886,32.185,27.055,25.735,31.058,27.968,25.102,23.730,23.703,18.190,23.848,18.839,27.830,25.635,12.409,21.501,19.899,17.713,40.017,116.889,210.647,294.050,221.814,119.979,35.208,28.923,15.117,3.218,6.618,10.306,13.435,2.829,2.130,2.824,11.407,-1.591,2.081,2.580,-2.628,0.536,-5.199,1.870,3.633,1.767,6.159,-1.485,-10.217,-0.241,-5.486,-11.306,-8.529,-11.464,-7.092,-12.274,-14.700,-14.569,-11.755,-14.886,-13.715,-16.447,-24.562,-14.045,-15.195,-15.608,-17.528,-28.725,-18.541,-23.145,-12.957,-27.880,-25.352,-18.362,-27.571,-23.546,-25.422,-25.640,-28.860,
250,2005.882,1169.106,166.573,-46.447,-49.926,-47.047,-50.373,-36.359,-38.691,-22.970,-8.813,7.871,8.662,-7.827,-21.591,-26.446,-26.041,-19.349,-25.334,-23.237,-21.785,-18.915,-20.184,-19.055,-14.196,-14.181,-20.748,-12.169,-17.026,-20.586,-15.924,-18.942,-21.137,-13.839,-10.347,-14.833,-13.472,-10.911,-15.009,-6.112,-9.641,-12.718,-10.803,-5.693,-9.423,-9.673,-7.659,-6.207,-3.242,0.392,0.841,-3.058,2.446,5.727,8.562,8.458,6.286,7.809,14.125,9.218,11.537,17.206,17.406,19.029,17.858,16.181,17.875,27.989,18.680,19.592,18.422,20.466,26.332,29.461,23.482,28.138,34.305,22.959,28.255,23.583,29.305,25.844,23.300,30.763,33.967,35.348,32.198,35.931,38.059,33.351,35.670,32.522,31.614,37.785,26.357,34.538,30.121,28.123,27.586,41.324,30.062,38.342,33.028,34.156,33.547,23.911,27.752,38.493,29.833,30.163,20.506,33.808,25.398,24.393,16.740,27.810,21.904,29.784,20.822,24.615,15.670,11.898,45.063,105.738,246.719,307.704,259.787,127.036,36.233,13.657,7.366,10.074,11.803,0.602,15.584,6.001,-1.744,4.287,2.274,4.959,2.880,-4.789,-3.461,-3.136,-0.565,7.232,11.794,4.188,11.197,2.207,4.175,0.224,-3.237,-10.812,-3.852,-1.566,-12.805,-11.617,-10.759,-11.832,-12.625,-17.770,-13.367,-13.529,-14.054,-18.434,-15.098,-17.419,-15.405,-17.063,-17.904,-12.460,-17.078,-16.174,-25.539,-12.106,
255,37.501,535.802,1673.553,1591.619,567.124,16.775,-39.896,-37.554,-32.532,-24.640,-32.415,-29.492,-20.407,8.361,43.656,38.098,8.765,-14.891,-16.872,-17.987,-20.295,-21.191,-21.269,-15.704,-16.708,-16.780,-15.058,-12.899,-14.872,-14.512,-10.378,-9.719,-14.202,-10.151,-10.385,-9.728,-7.731,-11.155,-11.636,-6.210,-2.176,-9.435,-6.497,-4.286,-4.327,-7.184,-3.923,-4.695,-0.717,-3.360,0.508,7.186,3.603,-2.797,10.433,14.318,6.939,11.272,12.253,12.493,18.265,22.129,22.679,23.529,15.635,18.082,25.188,22.419,28.823,33.235,36.158,36.557,37.873,33.329,35.535,41.852,36.836,44.020,35.994,35.158,50.750,46.209,36.273,40.930,44.306,35.708,40.500,39.562,46.822,54.652,42.048,48.275,42.634,41.352,38.084,47.263,46.377,45.140,47.482,43.819,44.966,37.078,45.100,53.251,37.899,34.491,36.657,39.710,39.858,33.734,35.921,41.758,39.439,30.342,35.738,33.052,26.669,28.487,37.001,29.618,20.178,34.413,29.836,23.767,18.289,19.077,22.831,45.611,120.878,270.739,393.894,323.909,189.598,61.554,23.195,13.537,13.709,13.715,0.315,12.298,8.681,4.272,11.282,9.903,7.936,-0.811,3.752,7.784,-0.900,1.482,0.387,0.235,8.774,6.923,13.102,6.954,-0.495,-2.097,-9.705,-2.639,-6.681,-11.730,-12.685,-9.868,-9.578,-14.852,-5.790,-13.350,-11.654,-13.492,-15.053,-17.087,-13.593,-13.822,-16.718,-18.690,
260,-48.322,-58.170,-44.987,150.290,1019.128,2100.151,1274.327,239.381,-15.926,-28.830,-23.015,-25.532,-21.829,-15.635,-19.950,-11.771,8.267,28.779,35.042,3.930,-4.957,-10.047,-16.034,-13.462,-14.259,-12.116,-13.769,-8.836,-6.220,-5.450,-5.660,-10.783,-9.701,-8.264,-3.357,-3.316,-4.242,-2.694,-1.617,-5.936,-6.236,-3.011,-4.486,0.140,1.108,-2.255,-1.863,0.099,2.949,2.010,0.809,5.038,12.101,6.450,7.122,5.445,13.109,12.237,15.051,18.099,18.467,22.435,20.220,22.842,29.172,24.985,27.035,29.072,23.971,22.722,23.034,27.478,30.912,31.613,35.575,32.879,36.287,32.512,48.454,38.307,40.562,40.679,38.922,51.449,46.152,45.249,42.308,43.182,52.049,47.543,49.351,48.927,48.349,41.854,50.321,37.661,44.347,46.816,45.679,34.195,37.507,46.014,44.912,44.506,44.694,42.634,39.083,35.634,49.048,37.429,30.612,50.767,49.073,35.530,30.213,31.601,37.005,28.521,41.412,24.475,34.477,33.520,25.749,30.934,31.604,36.197,19.525,21.635,21.846,27.875,22.164,19.920,34.916,130.522,305.751,440.017,409.988,242.220,80.651,25.540,14.992,14.645,10.537,13.007,9.027,7.903,4.390,7.819,4.005,4.178,0.234,6.324,0.089,6.805,1.152,4.155,-2.544,1.570,4.430,9.429,10.890,11.499,7.859,5.382,-1.163,-8.043,-7.461,-9.609,-3.591,-10.430,-7.871,-8.671,-7.739,-5.130,-13.650,-8.825,
265,-44.786,-33.698,-31.150,-28.267,-30.432,27.010,591.139,1785.325,1743.203,585.489,31.508,-10.646,-13.438,-10.384,-10.949,-15.852,-11.532,-9.195,-5.848,19.280,34.962,28.964,7.501,-0.806,-6.982,-6.165,-8.876,-8.776,-7.220,-8.315,-6.025,-4.750,-4.258,-2.187,-4.814,-3.795,-3.916,-0.203,-3.186,0.375,3.547,2.031,3.558,1.518,3.967,-0.346,4.193,6.459,3.970,5.340,10.848,10.264,7.616,10.958,4.857,12.424,11.336,15.869,14.084,17.959,13.724,24.477,16.357,20.740,21.264,20.130,19.112,24.554,26.481,26.067,29.936,28.325,27.348,35.668,29.003,28.523,33.588,31.574,31.464,34.542,39.198,34.643,31.147,43.790,40.441,38.915,39.460,40.598,34.755,39.314,41.656,41.440,39.623,44.940,42.302,51.206,48.660,47.084,44.850,44.216,47.137,41.280,38.819,35.972,48.046,37.866,38.315,41.031,36.583,38.881,39.520,39.329,33.738,30.225,35.459,38.002,42.764,30.038,29.883,26.598,28.112,25.341,29.375,31.254,22.896,21.671,28.136,24.828,19.513,22.927,20.491,20.515,14.284,12.625,16.112,15.533,26.166,44.262,152.978,345.855,458.895,402.633,189.793,57.755,21.483,12.381,12.507,10.514,2.796,6.808,4.455,6.358,6.428,4.992,8.261,3.231,5.559,-0.487,2.390,-1.467,2.572,-2.546,2.123,1.370,5.872,4.538,11.088,7.473,5.303,0.097,1.904,-4.322,-3.933,-4.804,-8.902,-5.770,
270,-43.085,-30.897,-26.861,-22.215,-19.438,-16.961,-15.754,-12.270,174.851,1247.944,2124.233,1130.709,208.800,-1.819,-9.382,-7.435,-9.142,-8.213,-7.775,-3.824,-4.445,-0.654,17.219,43.556,32.326,19.978,0.658,-0.117,-2.030,-1.584,3.133,-2.188,-3.818,-2.552,-0.231,-0.514,0.956,3.552,3.817,3.659,1.587,2.086,3.547,4.570,3.422,5.521,8.520,6.606,6.499,8.405,6.043,7.443,9.017,9.034,10.537,15.600,13.234,15.256,16.806,16.400,16.966,19.908,16.255,18.978,23.390,23.799,21.630,23.396,21.042,26.267,25.640,28.565,26.532,35.386,30.406,30.500,26.352,30.099,35.074,38.536,36.485,35.077,34.656,31.693,35.428,36.233,34.838,36.379,36.873,37.377,39.368,40.661,41.847,39.682,40.224,43.315,43.320,41.986,35.613,42.426,41.133,41.483,42.773,38.632,36.703,36.840,35.850,37.671,36.882,33.224,35.998,31.548,28.796,35.771,33.843,37.345,30.224,30.976,30.716,31.693,27.326,31.319,27.426,27.949,26.259,27.222,26.358,25.234,23.106,24.685,20.833,20.552,15.986,20.091,17.691,22.836,16.278,12.938,15.535,11.838,14.386,16.998,48.140,139.949,348.311,475.294,410.690,238.801,69.136,18.208,9.288,7.084,14.742,5.488,5.602,1.999,4.860,2.816,7.795,5.434,0.339,-2.503,-0.191,-0.898,-0.553,1.242,2.277,2.927,3.486,1.572,7.628,4.640,7.954,4.350,10.670,6.089,
275,-28.023,-25.519,-24.827,-20.416,-15.043,-15.923,-12.295,-12.943,-13.900,-12.815,42.155,629.141,1786.389,1737.812,452.197,35.469,-1.597,-6.461,-1.252,-1.851,-3.829,-3.394,-4.595,1.062,1.436,18.065,36.702,43.288,17.721,8.372,1.802,1.474,3.185,4.732,0.819,2.631,4.877,2.950,5.283,3.635,3.480,4.786,9.019,3.340,5.751,8.820,6.436,6.505,7.928,10.607,11.117,10.910,8.755,11.422,15.382,15.220,17.134,14.255,15.375,16.341,18.299,18.258,20.661,22.275,17.867,26.881,22.378,24.781,23.023,25.733,27.884,23.637,24.939,29.422,26.034,30.644,31.660,29.138,28.397,31.171,33.226,38.155,31.845,33.136,38.292,37.683,37.568,34.057,30.966,36.723,30.323,35.262,41.188,35.675,40.164,37.832,37.598,36.911,37.508,36.656,35.981,36.988,41.993,39.019,38.109,30.553,35.045,37.295,38.682,32.508,32.726,39.959,31.177,33.797,29.945,27.599,28.843,27.432,27.206,28.001,28.860,26.343,26.021,27.950,30.460,24.861,22.876,21.707,19.709,16.896,20.150,19.434,17.443,20.576,16.406,19.236,13.883,18.244,14.749,11.465,14.147,11.048,12.866,12.791,13.902,10.908,16.251,44.487,156.114,381.599,500.729,402.788,197.229,73.175,10.946,2.609,4.701,8.845,4.675,3.199,6.163,2.962,5.813,-0.513,0.404,0.968,1.604,3.194,4.950,-3.914,-3.934,-0.412,-4.428,-3.777,0.918,0.312,
280,-31.437,-20.854,-20.904,-15.554,-9.525,-14.421,-13.904,-12.549,-11.388,-12.587,-9.961,-6.914,-1.204,253.956,1394.593,2050.712,940.326,118.508,1.559,-1.267,-1.962,0.556,0.964,-1.473,0.326,2.911,1.555,7.312,18.088,28.974,35.838,18.778,10.503,7.471,3.495,7.606,4.986,4.500,4.153,8.975,8.008,9.629,5.858,7.444,8.260,10.302,12.163,11.848,9.741,11.597,12.117,7.966,13.652,16.529,13.568,16.174,12.024,17.043,16.235,19.378,21.929,18.324,19.324,20.509,17.850,24.213,27.070,24.514,24.955,24.333,26.215,24.527,25.698,28.734,26.580,30.497,31.633,31.080,31.924,34.384,26.896,35.510,31.528,28.349,37.964,34.927,34.674,32.390,38.231,35.099,35.672,33.841,36.424,43.198,33.474,34.904,35.484,38.883,37.672,34.848,37.922,37.087,36.345,31.901,31.535,34.702,34.670,34.781,33.569,34.081,34.049,34.204,30.272,32.521,31.511,30.388,27.135,24.037,24.067,25.550,27.707,24.768,25.503,20.595,24.454,20.342,23.792,24.689,24.329,21.551,20.370,20.512,18.401,20.475,15.355,17.009,14.029,14.677,14.519,17.208,12.679,12.261,11.549,13.613,14.977,10.441,9.807,9.906,6.898,6.769,9.054,14.733,66.844,182.507,399.159,519.231,391.804,192.864,57.830,9.798,5.066,4.849,-0.178,4.309,4.221,1.340,1.347,2.014,-1.185,2.220,-0.620,0.182,0.666,-3.333,1.499,0.429,
285,-23.192,-22.749,-18.768,-14.091,-14.069,-10.110,-13.415,-11.034,-10.383,-10.589,-7.971,-8.017,-6.476,-5.279,-4.826,37.651,606.187,1932.954,1717.409,457.643,33.780,1.372,-0.130,1.502,0.122,1.985,1.909,0.959,2.193,0.659,9.494,20.444,28.213,31.775,21.419,10.715,5.547,4.988,5.806,9.653,8.010,7.511,7.423,9.278,10.892,9.475,9.968,13.026,10.448,9.792,11.875,12.843,15.102,15.574,14.779,14.127,17.942,21.512,16.378,21.939,21.104,20.307,20.227,19.676,25.100,21.720,26.803,27.901,25.824,29.085,29.228,27.108,24.857,28.488,33.277,30.466,30.925,33.678,26.455,35.737,31.555,35.767,34.996,35.605,31.912,31.598,32.847,33.633,35.843,36.722,33.278,33.819,35.629,33.807,33.869,33.960,34.477,29.652,35.251,37.056,37.072,35.117,35.364,35.223,33.883,32.836,35.855,30.393,33.668,34.674,32.753,30.089,27.577,28.021,25.856,26.203,25.959,23.196,25.076,24.862,27.753,22.090,22.845,22.240,24.653,20.801,21.731,19.315,19.386,19.312,19.292,19.613,19.719,16.649,17.247,17.890,15.606,15.079,13.440,14.227,12.109,11.974,13.158,9.947,10.982,11.666,9.033,9.260,9.187,7.517,7.864,5.944,6.835,7.078,4.631,5.170,11.967,43.104,170.631,370.300,523.781,435.518,259.135,76.938,15.573,4.684,3.872,0.690,0.914,2.815,2.515,0.619,1.483,0.999,0.293,2.438,
290,-20.180,-20.154,-12.599,-12.778,-12.085,-9.187,-9.937,-7.684,-9.055,-8.506,-6.769,-5.886,-6.054,-7.271,-5.440,-4.450,-3.097,7.291,231.571,1418.718,2154.279,1037.898,128.313,3.746,0.877,0.820,1.698,-0.450,-0.793,1.672,0.955,2.422,5.924,6.476,17.648,27.442,31.078,20.041,12.426,10.224,7.596,9.834,7.913,10.212,14.439,10.296,12.339,11.952,14.516,11.120,16.446,16.101,21.758,15.861,17.341,17.940,17.236,22.330,24.738,22.389,21.887,27.990,26.649,26.898,26.233,26.144,27.492,28.517,29.967,28.289,32.803,29.317,29.552,32.936,27.137,31.077,34.739,34.052,28.689,29.392,35.289,36.203,36.969,34.713,36.297,34.599,33.626,36.978,34.627,37.007,35.745,34.691,33.480,32.216,34.922,34.519,35.714,37.268,33.465,35.005,35.489,33.511,33.746,37.828,30.769,31.126,29.883,29.941,27.711,27.953,28.683,29.695,33.437,25.831,29.937,27.141,26.895,27.157,27.485,27.506,23.327,21.831,22.674,20.764,20.991,22.990,21.264,22.609,18.976,16.069,19.281,20.128,15.575,17.578,16.362,16.868,16.209,16.184,15.471,14.349,12.584,11.700,12.495,9.717,11.564,11.066,10.493,10.557,11.431,6.812,9.269,12.607,7.047,6.250,5.171,6.948,4.259,7.533,8.468,6.561,3.966,12.249,59.846,186.874,416.350,557.525,459.459,223.579,62.406,9.284,1.615,1.595,0.938,2.443,0.261,3.794,
295,-18.713,-13.491,-12.678,-13.468,-9.503,-10.695,-10.301,-9.286,-8.522,-7.184,-6.747,-5.798,-7.239,-6.588,-3.797,-4.619,-5.409,-4.302,-4.034,-2.527,63.589,682.523,2073.258,1716.528,439.048,25.728,0.828,1.264,1.669,1.044,1.761,0.793,1.203,2.839,2.297,3.941,8.603,19.208,24.549,31.919,22.795,13.331,13.084,11.845,9.499,11.579,12.530,11.585,14.353,11.440,14.105,17.118,15.413,18.729,17.373,16.293,21.949,20.850,23.770,24.154,21.753,23.742,27.927,26.809,28.423,30.014,27.668,30.249,29.569,28.513,27.644,35.701,32.565,29.111,32.793,31.603,35.456,35.183,31.865,33.918,35.026,34.442,33.429,36.667,37.929,34.990,35.490,35.622,35.762,32.115,38.249,35.311,32.724,36.099,36.794,35.193,34.135,33.955,30.646,32.887,31.281,31.074,31.577,31.403,32.308,26.405,28.875,29.254,28.493,27.397,27.989,30.929,28.383,27.206,26.846,25.574,28.914,24.798,25.308,23.318,20.781,22.859,23.973,21.608,20.917,20.331,19.546,15.888,18.722,16.278,15.630,16.931,18.276,16.200,11.900,15.319,13.629,13.533,11.245,10.330,11.775,10.997,13.018,6.418,12.199,9.917,9.261,10.995,7.837,7.473,7.390,5.836,6.126,7.961,6.647,5.507,6.952,5.254,4.709,3.057,4.362,5.410,4.056,4.044,4.255,3.750,10.307,60.988,207.513,410.456,530.415,436.268,203.591,58.633,7.152,0.044,
300,-16.383,-15.634,-13.048,-8.849,-8.836,-8.001,-9.558,-8.817,-7.499,-5.939,-5.373,-6.401,-4.955,-5.190,-3.643,-4.327,-3.604,-3.176,-3.978,-3.289,-2.636,-1.465,5.149,212.110,1232.511,2213.059,1163.301,172.668,4.789,1.577,1.555,0.916,-0.285,1.162,2.437,2.499,4.693,5.079,4.824,6.574,14.413,27.703,30.880,20.866,16.243,11.047,9.892,10.103,12.264,13.651,13.331,14.697,18.264,14.937,20.701,21.066,21.049,20.040,21.263,19.028,22.362,23.433,26.962,26.036,29.719,25.939,30.390,29.964,30.137,29.316,31.673,31.808,34.362,31.759,32.841,34.930,36.578,34.156,35.829,32.575,35.304,36.223,37.086,36.110,35.461,36.885,38.166,33.924,33.437,36.326,34.620,33.380,34.850,34.910,35.109,31.951,34.800,34.058,34.112,32.472,33.057,31.329,30.612,30.275,30.569,28.092,28.425,31.275,28.754,25.999,31.138,26.063,26.634,24.880,24.831,21.810,23.586,23.074,23.059,20.087,25.048,20.886,22.100,23.179,18.209,19.286,18.843,15.911,17.421,17.403,17.457,17.267,16.459,13.451,14.543,13.658,13.259,11.350,12.739,12.422,13.617,11.715,10.376,10.587,9.168,9.496,10.660,11.641,8.790,7.850,6.546,8.678,7.171,5.680,3.978,4.095,4.813,7.179,3.693,3.442,3.457,4.225,3.287,1.147,2.522,4.075,0.767,0.854,2.081,2.104,2.901,8.759,47.380,177.622,382.477,515.646,
305,-16.126,-12.588,-11.341,-8.046,-9.109,-7.597,-8.109,-4.968,-5.664,-5.945,-6.518,-5.000,-4.894,-6.079,-3.562,-4.388,-3.748,-4.346,-3.331,-2.644,-3.711,-2.792,-2.317,-2.617,-0.283,54.685,668.626,1911.821,1682.203,438.140,26.260,1.242,-0.377,0.136,0.065,1.410,1.424,3.059,1.872,2.465,4.435,4.033,8.975,12.556,22.237,23.794,24.364,19.395,12.477,13.561,14.146,15.603,15.613,16.382,16.360,20.705,20.036,21.404,22.680,20.970,22.449,24.889,25.887,26.067,26.972,28.825,30.752,31.299,30.411,30.679,33.880,33.074,33.425,35.647,35.854,33.713,35.896,34.634,37.630,37.129,33.239,37.445,36.971,37.249,40.316,37.187,37.033,38.057,37.052,34.221,39.160,34.452,33.503,31.861,34.901,33.134,36.295,37.518,31.903,33.470,32.576,32.714,30.922,27.579,32.325,31.471,27.406,26.959,28.012,26.599,27.226,24.703,25.523,24.103,25.786,25.517,22.947,20.123,21.326,19.286,20.725,19.579,18.863,17.396,17.906,18.508,18.797,17.462,15.997,16.449,15.996,17.365,17.453,14.460,13.932,14.439,13.756,11.905,12.177,11.873,10.176,9.124,12.092,8.374,11.249,9.973,9.223,8.597,9.296,8.131,6.060,5.411,6.029,4.974,5.740,6.900,5.164,6.115,3.097,3.677,3.488,2.765,4.528,2.500,1.887,2.489,2.838,1.503,3.857,4.365,0.652,1.227,1.048,1.009,1.682,0.279,
310,-13.018,-8.722,-9.373,-9.321,-7.474,-5.339,-5.266,-5.492,-6.378,-5.533,-4.795,-5.071,-4.260,-4.069,-4.730,-3.456,-3.573,-2.390,-3.028,-2.204,-2.237,-2.890,-2.135,-1.132,-0.946,-0.949,-1.455,5.752,219.951,1186.031,2078.554,975.780,140.406,3.106,0.941,0.829,1.806,1.462,2.190,1.739,2.609,4.143,3.683,5.093,5.821,8.378,13.156,20.689,24.484,21.696,17.558,14.269,13.212,14.792,16.756,17.406,19.515,19.984,21.926,21.064,22.427,25.134,26.304,27.905,27.036,28.544,31.701,31.635,30.011,31.536,33.202,35.034,33.835,35.672,35.892,38.161,34.049,38.803,36.663,38.595,39.447,38.907,36.909,38.205,35.421,38.978,34.430,33.888,38.808,36.869,36.188,36.044,32.853,36.230,35.444,36.482,33.006,32.431,35.815,34.164,34.238,31.800,33.279,33.646,31.466,32.594,30.270,28.566,27.736,26.910,28.528,27.460,27.686,24.818,25.129,23.927,24.300,22.128,21.854,20.198,21.531,20.172,17.562,16.913,19.945,17.950,18.810,18.323,18.413,16.421,16.264,16.518,14.236,13.491,14.358,16.039,13.565,12.512,11.395,10.275,10.786,10.599,10.263,6.959,8.160,7.822,7.940,8.736,7.620,6.655,6.953,7.024,4.539,9.209,6.991,6.897,3.768,5.115,4.597,3.854,5.065,2.767,1.198,3.672,2.527,2.505,2.124,2.595,1.653,2.702,0.857,0.863,1.542,0.041,0.751,1.176,
315,-13.358,-8.426,-7.430,-7.301,-5.861,-6.339,-5.652,-4.528,-5.261,-4.825,-4.671,-5.019,-3.676,-3.106,-3.207,-3.122,-2.498,-2.746,-2.466,-2.399,-2.270,-2.627,-2.079,-1.667,-2.330,-1.689,-1.967,-1.966,-0.800,0.157,27.020,483.241,1656.685,1776.205,492.997,41.707,1.619,2.534,1.334,1.023,1.474,1.880,2.714,3.180,4.360,5.560,6.183,7.438,8.573,14.233,22.159,25.514,23.624,18.168,17.119,17.925,16.976,17.730,21.387,20.890,23.662,23.509,24.851,27.544,26.129,28.980,28.264,27.517,30.760,34.072,33.973,32.338,32.011,34.783,35.623,36.591,39.782,37.624,36.700,37.577,38.338,38.869,38.046,38.615,40.243,34.066,35.921,36.169,37.674,37.429,35.805,34.754,34.866,35.896,32.752,34.170,34.385,36.212,34.330,33.515,32.428,32.546,28.948,29.066,30.926,30.421,28.815,28.509,26.386,26.709,24.600,26.992,26.089,25.961,26.655,24.619,23.736,24.674,21.739,21.488,22.201,17.800,18.592,19.004,16.844,17.184,16.800,16.368,18.115,15.764,15.470,14.311,12.450,11.934,10.984,11.498,13.559,12.620,10.639,12.519,10.773,9.318,9.292,8.556,8.901,8.713,8.021,8.661,7.579,8.210,8.121,6.107,6.740,5.173,8.539,4.906,5.410,3.701,4.868,4.302,4.107,2.650,4.758,3.371,3.145,1.907,2.052,2.411,1.874,1.370,1.472,0.627,1.417,1.802,1.176,1.273,
320,-9.962,-9.585,-6.197,-6.199,-6.393,-6.079,-5.516,-3.963,-4.426,-4.405,-3.940,-3.492,-2.951,-2.827,-3.157,-2.844,-2.748,-2.363,-2.851,-2.587,-2.163,-2.418,-1.742,-2.075,-2.007,-1.801,-1.683,-1.141,-1.072,-1.142,-1.081,-0.417,3.446,142.029,1104.601,1898.188,972.290,120.055,5.170,1.006,0.836,1.605,0.888,3.262,1.781,4.565,3.791,5.174,5.189,7.142,8.323,9.220,13.335,22.296,23.870,25.162,20.866,18.145,18.043,19.273,22.624,21.326,25.216,23.925,24.307,26.129,27.363,28.203,28.675,31.501,31.062,32.511,33.164,31.832,33.332,33.281,33.463,36.409,36.882,35.922,37.295,36.982,39.967,35.805,35.711,37.273,37.882,36.417,37.166,35.687,35.517,34.211,35.480,34.200,35.828,33.149,33.273,32.304,32.250,32.279,33.410,32.354,33.540,30.908,30.904,31.733,30.985,30.069,27.748,26.226,28.010,26.411,26.718,25.221,23.880,24.446,25.244,23.235,22.663,20.210,21.339,19.496,18.021,20.042,19.991,14.920,15.287,16.059,14.951,14.392,15.020,14.987,14.008,12.211,13.659,11.858,11.802,12.343,11.858,10.007,11.061,10.150,9.113,8.431,8.541,7.280,6.672,7.587,8.021,7.598,7.290,6.107,6.357,7.889,5.405,4.696,4.745,5.726,2.796,4.598,3.860,3.561,2.496,4.195,2.120,1.531,1.589,2.433,2.578,2.881,2.020,1.708,0.746,1.292,1.013,0.255,
325,-7.779,-7.686,-5.878,-5.994,-4.878,-4.507,-4.810,-4.266,-2.478,-3.702,-3.043,-3.276,-3.019,-2.671,-2.865,-2.958,-2.135,-2.378,-2.117,-1.906,-1.939,-1.933,-2.128,-1.737,-1.765,-1.254,-1.659,-1.462,-1.365,-1.470,-1.506,-0.991,-0.541,-0.283,-0.296,19.797,402.969,1601.715,1657.056,482.427,24.257,1.983,1.543,1.523,1.456,1.629,2.498,4.684,3.513,5.046,6.578,7.625,7.916,9.038,11.204,14.992,19.580,26.597,29.099,27.319,20.581,20.992,21.144,22.415,25.920,25.602,25.795,26.059,28.741,30.366,29.716,32.078,28.568,33.981,33.512,33.004,34.704,33.907,34.071,33.833,36.046,36.858,35.325,36.879,35.496,36.473,37.457,35.005,36.252,36.244,34.028,36.270,35.210,35.980,36.043,35.228,32.546,33.081,31.885,32.943,32.061,30.534,30.149,29.575,30.401,29.587,27.955,29.142,26.525,28.429,25.397,27.662,27.878,22.421,24.386,22.810,22.051,21.998,21.687,20.731,22.467,20.758,17.787,19.370,17.980,18.583,16.355,16.068,16.273,14.896,15.911,14.110,13.892,12.797,13.392,11.526,14.123,11.213,11.678,9.564,10.789,8.588,10.611,8.148,8.879,8.924,7.887,7.997,6.743,9.448,6.083,6.453,5.229,4.886,5.989,6.212,5.116,4.490,3.674,4.380,3.954,3.223,3.033,2.372,3.379,2.730,1.353,1.871,3.179,1.122,2.852,2.598,2.708,1.209,1.547,1.830,
330,-8.876,-7.052,-5.519,-5.043,-4.606,-4.476,-3.303,-4.159,-4.002,-3.316,-2.904,-2.917,-2.936,-2.954,-2.373,-1.912,-1.803,-2.384,-2.322,-2.238,-1.381,-1.723,-1.707,-1.632,-1.615,-1.572,-1.303,-1.107,-1.728,-0.612,-1.294,-0.339,-1.028,-0.977,-0.191,-0.343,0.095,4.219,108.914,907.266,1813.121,1018.969,125.728,5.202,1.994,1.960,2.115,3.162,3.215,4.887,4.612,4.426,7.034,8.102,10.107,10.611,12.633,13.398,16.842,21.914,26.923,28.159,28.377,23.864,24.262,23.285,24.809,25.432,24.211,26.110,29.111,28.044,30.466,29.440,29.793,30.927,33.591,32.810,32.161,34.374,35.015,36.436,36.131,34.925,32.916,33.922,37.433,33.884,34.556,35.397,35.067,35.279,34.887,34.602,32.585,34.036,35.980,34.096,31.610,34.017,32.970,31.545,30.839,29.063,29.052,29.217,29.110,27.794,28.529,28.983,27.955,25.860,26.324,25.481,23.154,21.636,22.523,23.105,20.732,19.594,18.516,20.418,19.922,18.284,17.963,16.484,15.438,16.049,15.098,15.096,15.124,13.725,12.515,12.404,11.462,13.232,12.877,11.358,9.821,11.234,10.361,9.350,9.709,7.238,8.713,7.122,7.927,7.632,7.907,6.954,7.181,5.655,6.335,6.837,4.126,4.848,4.063,4.180,3.798,5.297,4.666,2.883,2.643,3.432,3.028,2.844,3.687,2.766,1.189,1.795,2.122,2.320,1.437,1.239,0.952,0.573,
335,-4.255,-6.455,-5.329,-4.671,-4.365,-3.817,-3.573,-3.833,-2.914,-2.616,-3.499,-3.062,-2.706,-2.414,-1.537,-2.073,-1.899,-1.649,-2.073,-1.806,-1.249,-1.647,-2.117,-1.642,-1.985,-1.239,-1.758,-1.410,-0.996,-1.076,-1.025,-0.891,-1.136,-0.727,-0.750,-0.645,-0.751,-0.127,0.229,0.383,38.795,461.151,1585.976,1472.468,373.285,16.590,1.991,2.583,2.706,3.110,3.670,5.414,7.383,6.002,7.081,8.266,9.971,9.722,12.125,12.697,16.441,18.986,20.159,25.787,26.595,26.686,25.010,25.750,25.167,24.965,26.130,25.572,27.877,28.391,29.497,28.947,31.254,30.070,29.700,30.418,34.369,33.278,35.010,31.984,35.537,33.726,33.590,32.351,32.247,35.023,31.631,33.764,33.910,34.265,34.225,33.058,30.805,32.104,33.802,33.977,31.876,30.323,31.410,30.480,30.569,29.470,28.225,28.134,26.744,27.802,27.490,25.475,23.854,25.567,24.039,21.628,22.866,21.567,20.772,19.330,19.085,20.467,19.099,18.973,17.953,17.927,16.553,15.593,16.428,14.461,14.578,14.288,12.854,11.819,11.889,11.644,11.291,10.698,10.501,10.483,7.718,8.538,8.187,7.798,8.141,8.243,8.211,7.899,6.002,6.031,7.739,5.734,5.846,5.386,4.846,4.437,4.233,4.357,4.154,3.835,3.884,3.276,3.305,2.345,3.308,2.770,3.047,1.861,2.936,3.421,2.215,1.473,0.989,1.416,0.784,0.874,
340,-7.400,-6.191,-5.106,-4.223,-4.025,-3.872,-3.472,-3.146,-3.668,-3.023,-2.298,-2.619,-2.799,-2.042,-1.845,-2.021,-2.044,-2.067,-1.920,-1.711,-1.594,-1.608,-1.459,-1.757,-1.518,-1.422,-1.526,-1.430,-0.792,-1.305,-0.826,-1.045,-0.762,-0.732,-0.893,-1.356,-0.628,-0.912,-0.064,-0.432,-0.224,-0.493,2.866,130.908,901.742,1715.740,892.151,120.161,3.326,2.112,2.249,4.056,4.975,5.019,5.367,6.642,6.728,9.471,9.251,11.595,12.308,13.145,14.507,16.251,18.969,21.678,24.964,28.204,27.847,25.648,23.782,22.618,24.856,26.732,27.974,28.906,28.281,27.246,30.621,29.398,31.611,32.534,31.704,32.695,29.133,31.927,30.899,32.992,31.308,32.325,33.125,33.484,33.278,32.225,31.414,32.456,33.117,32.126,34.417,31.417,30.993,31.481,29.756,31.097,27.602,29.640,27.936,27.295,26.714,25.925,23.780,24.556,22.650,23.784,22.598,22.392,22.585,20.893,18.991,21.210,18.555,19.537,17.142,18.094,16.187,14.677,16.856,15.788,14.126,15.619,14.391,13.301,11.798,11.331,12.104,12.821,13.058,11.933,10.680,10.836,10.121,10.137,8.370,10.181,7.931,6.794,7.219,7.060,6.798,6.878,6.375,6.581,4.909,5.181,6.518,4.731,4.577,5.239,3.873,3.856,4.145,3.520,2.709,2.129,3.400,1.880,2.056,1.399,1.312,1.680,2.597,1.650,1.210,1.649,1.190,0.687,
345,-6.037,-3.803,-3.652,-4.088,-3.540,-3.266,-2.729,-3.323,-2.575,-2.749,-1.794,-2.649,-2.153,-1.499,-2.153,-1.548,-1.649,-1.850,-1.942,-1.406,-1.677,-1.849,-1.330,-1.275,-1.735,-1.332,-1.230,-1.469,-0.769,-1.194,-1.157,-1.367,-0.827,-0.974,-0.767,-0.891,-0.825,-0.499,-0.762,-0.522,-0.523,-0.085,-0.175,-0.283,0.352,31.236,430.519,1427.239,1322.444,312.867,17.003,2.087,2.484,3.833,3.726,4.535,4.814,6.654,6.688,7.689,9.146,9.609,10.521,13.030,12.921,14.247,16.826,18.855,21.414,25.063,27.341,28.705,26.667,24.436,24.896,24.637,25.570,25.418,25.966,26.878,27.524,28.468,30.905,28.557,30.779,30.036,29.105,31.746,30.523,30.287,31.094,30.250,31.301,29.442,29.616,31.867,30.812,29.276,28.178,30.268,29.059,29.765,30.385,26.656,27.448,28.003,28.182,26.989,26.760,25.938,25.687,23.408,25.436,23.450,22.758,22.660,20.881,20.963,20.497,20.920,18.948,19.326,18.156,18.011,17.735,16.903,15.103,15.923,14.356,13.443,13.789,13.405,12.943,13.397,12.472,12.159,11.550,10.843,9.896,10.992,9.244,10.009,9.736,8.991,8.593,6.945,7.730,7.116,7.135,7.012,6.681,6.069,5.726,6.172,5.402,5.283,4.908,4.398,3.889,4.062,3.916,3.568,3.846,4.056,2.793,2.296,3.054,1.397,2.345,1.539,2.116,1.766,0.918,1.411,1.534,1.309,
350,-5.329,-4.972,-4.275,-2.695,-2.948,-2.874,-3.469,-2.046,-2.840,-2.137,-2.482,-2.083,-2.124,-1.170,-1.822,-1.673,-1.552,-1.104,-1.805,-1.391,-1.199,-1.328,-1.436,-1.487,-1.338,-1.240,-1.481,-1.145,-1.005,-1.129,-1.165,-1.339,-1.187,-1.038,-0.732,-0.604,-0.461,-1.016,-0.860,-0.533,-0.498,-0.614,-0.183,-0.241,-0.276,-0.156,0.396,5.825,184.134,1064.761,1584.955,606.623,56.764,3.302,3.159,3.028,4.033,4.008,5.073,5.886,6.906,7.574,7.867,9.391,11.594,12.774,12.527,13.345,15.609,15.836,17.757,18.622,21.372,24.659,24.638,24.988,24.488,23.028,24.131,25.712,24.461,24.952,26.084,27.339,26.793,28.936,28.167,28.877,28.357,28.697,28.863,28.163,29.106,28.529,28.974,27.539,28.728,30.239,29.700,28.747,27.982,29.785,28.372,27.374,26.133,26.394,26.563,26.512,25.915,24.770,24.363,25.342,23.065,21.605,20.790,22.554,22.591,20.965,19.943,20.217,19.418,18.520,17.065,17.251,14.832,16.918,15.789,16.724,15.322,13.874,13.351,13.414,14.424,13.954,12.376,11.986,11.035,10.695,10.870,10.303,9.200,10.377,7.726,8.082,8.051,7.558,7.975,7.101,8.212,6.402,5.835,5.259,4.444,6.732,6.281,4.883,5.423,4.059,3.749,4.466,3.036,4.245,3.360,3.135,3.438,2.065,2.054,2.120,2.723,1.935,2.303,1.550,1.188,1.669,1.423,1.526,
355,-5.942,-4.388,-3.890,-2.437,-3.444,-3.307,-2.508,-2.150,-2.332,-1.532,-1.022,-2.098,-2.005,-1.944,-1.707,-1.762,-1.486,-1.421,-1.395,-1.207,-1.213,-1.442,-1.431,-1.376,-1.141,-1.130,-1.167,-1.070,-0.690,-1.206,-0.666,-1.022,-1.060,-1.266,-0.919,-1.054,-0.651,-0.710,-0.384,-0.591,-0.399,-0.679,-0.676,-0.483,-0.372,-0.310,-0.129,-0.039,-0.233,0.601,31.621,484.818,1443.402,1255.163,294.079,16.394,2.943,2.579,4.015,3.352,5.134,4.234,5.718,6.032,7.194,8.174,9.148,10.067,10.595,12.132,13.024,13.307,15.588,17.319,18.094,20.610,22.624,25.106,24.845,24.132,21.370,24.392,23.464,24.600,25.531,24.300,25.083,25.460,25.676,25.358,25.739,24.522,27.836,27.075,27.441,27.605,26.201,28.581,27.424,26.525,27.349,26.321,27.128,25.262,25.571,25.146,25.515,25.017,24.113,24.538,21.895,22.905,23.510,21.254,21.544,20.391,20.668,20.915,18.549,17.786,18.873,17.130,17.333,15.919,17.089,16.533,14.646,14.154,15.225,13.830,14.890,14.326,13.053,12.386,11.743,11.214,11.417,10.054,9.995,9.612,9.268,9.798,7.705,8.508,8.348,7.730,7.339,6.821,6.928,6.046,5.924,7.015,4.794,5.067,5.255,4.104,4.519,4.679,4.075,3.928,2.806,3.952,3.173,3.198,2.762,2.515,2.771,1.687,2.349,2.641,2.640,2.020,1.902,1.457,1.968,1.098,
360,-5.408,-4.253,-3.794,-3.640,-2.313,-2.410,-1.860,-2.013,-2.206,-1.438,-1.379,-1.869,-1.144,-1.413,-1.366,-1.422,-1.543,-1.577,-1.007,-1.015,-0.996,-1.554,-1.090,-1.055,-1.247,-1.158,-1.107,-0.496,-1.040,-0.948,-0.771,-1.052,-0.970,-0.563,-0.808,-0.849,-0.711,-0.845,-0.799,-0.715,-0.706,-0.208,-0.231,-0.573,-0.258,-0.558,0.011,-0.430,0.497,-0.037,0.296,0.619,6.649,160.535,1002.698,1562.744,764.724,80.814,4.736,2.655,3.602,3.833,3.839,4.762,5.238,5.576,7.155,7.272,8.421,9.213,10.336,11.287,12.642,12.621,13.041,14.766,16.113,16.028,19.925,22.907,24.096,23.803,22.238,21.001,22.245,21.875,23.506,21.724,23.973,23.942,23.392,24.829,24.564,24.011,23.886,25.045,25.565,25.412,26.018,25.310,24.169,24.826,25.016,24.848,23.588,22.183,24.449,22.027,23.246,23.504,21.607,21.245,22.213,21.394,21.016,19.442,20.178,18.701,18.514,17.548,16.809,17.824,16.852,16.700,16.778,15.130,13.952,15.755,13.946,13.997,13.056,12.706,12.357,11.894,11.807,9.976,10.998,9.715,9.915,10.448,9.093,9.194,8.098,8.501,8.703,7.182,7.574,7.174,6.922,6.215,5.774,5.263,5.872,5.136,5.157,5.084,4.811,3.593,3.972,3.633,3.899,2.497,2.800,2.123,3.250,2.748,2.502,2.467,1.528,2.130,2.049,1.991,1.722,2.039,0.755,0.993,
365,-5.572,-3.898,-2.932,-1.494,-1.852,-2.280,-1.814,-2.228,-2.230,-1.531,-1.759,-1.577,-1.729,-1.321,-1.331,-1.402,-1.102,-1.438,-1.095,-1.190,-1.296,-0.865,-1.214,-1.125,-1.233,-1.217,-1.205,-1.012,-0.776,-0.845,-0.496,-1.157,-0.780,-0.862,-0.748,-0.867,-0.720,-0.995,-0.859,-0.801,-0.867,-0.502,-0.358,-0.667,-0.440,-0.540,-0.757,-0.615,-0.505,-0.301,-0.234,0.293,-0.258,0.281,1.515,42.732,413.128,1412.553,1229.862,277.998,13.722,2.734,3.339,2.994,3.605,3.985,4.158,5.247,6.296,6.451,7.614,7.629,8.870,10.564,10.448,11.001,12.047,13.174,13.199,15.311,16.897,18.278,20.523,21.758,22.499,22.175,20.999,20.453,19.878,20.421,21.502,20.572,21.192,21.551,22.198,22.685,22.889,23.899,23.358,23.236,22.630,22.150,22.840,23.319,23.526,22.089,22.900,22.170,21.580,21.206,21.531,21.415,19.907,20.271,20.944,20.090,19.392,17.999,17.680,17.340,17.466,16.307,14.905,15.604,16.900,13.898,14.964,13.380,13.783,12.501,13.329,12.965,11.532,12.589,10.426,10.315,9.656,10.302,9.825,8.413,10.422,8.824,8.541,8.022,7.579,7.586,7.278,7.156,6.747,6.402,5.735,6.168,5.904,4.630,5.275,4.524,4.150,3.951,3.003,4.255,3.604,3.236,4.171,2.758,3.101,2.420,2.430,2.718,2.572,2.123,2.682,2.300,1.007,1.806,1.149,1.688,
370,-4.116,-3.459,-3.724,-2.504,-2.827,-2.013,-2.007,-1.828,-2.000,-1.751,-1.774,-1.465,-1.364,-1.706,-1.278,-1.608,-0.913,-1.033,-1.324,-0.824,-1.313,-0.707,-0.890,-0.988,-0.938,-1.075,-1.231,-0.905,-0.983,-0.732,-1.033,-0.815,-1.000,-0.726,-0.748,-0.914,-0.625,-0.438,-0.617,-0.947,-0.695,-0.581,-0.702,-0.256,-0.474,-0.622,-0.600,-0.536,-0.509,-0.473,-0.518,0.135,-0.168,0.034,0.210,-0.059,0.420,5.381,129.187,840.461,1518.244,799.057,117.723,4.503,2.331,2.666,3.086,3.706,3.964,4.015,5.031,5.412,6.158,6.670,8.138,8.503,8.796,10.296,10.102,12.021,12.687,13.704,14.204,16.400,17.362,18.267,20.672,20.829,20.784,19.589,18.583,18.890,19.132,19.443,20.590,21.221,19.737,18.808,21.752,21.937,19.821,21.413,21.770,22.156,22.191,20.410,20.777,19.653,20.817,19.127,19.526,19.250,18.608,19.140,18.075,18.434,17.082,17.957,16.883,16.734,15.974,15.371,15.596,15.825,13.845,14.105,14.266,13.188,12.886,12.229,12.220,12.254,11.073,11.714,11.633,10.479,9.610,10.082,7.936,7.605,8.165,8.474,8.560,8.168,7.457,6.799,7.399,6.644,5.885,6.378,6.346,4.950,5.478,4.835,3.351,4.783,3.335,4.211,3.721,3.512,4.099,3.172,3.464,3.408,3.258,2.186,2.769,2.325,3.179,1.712,1.589,2.380,1.441,1.873,1.399,1.251,
375,-4.520,-4.182,-3.406,-1.725,-2.037,-2.292,-1.774,-2.002,-1.918,-1.223,-1.564,-1.735,-1.492,-1.981,-0.972,-1.254,-1.417,-1.027,-1.220,-1.119,-1.178,-0.810,-1.023,-1.035,-1.170,-0.959,-0.926,-1.083,-1.087,-0.497,-0.692,-1.056,-0.583,-0.764,-1.008,-0.687,-0.660,-0.524,-0.704,-0.897,-0.500,-0.767,-0.595,-0.783,-0.691,-0.449,-0.264,-0.219,-0.507,-0.513,-0.413,-0.114,-0.486,-0.145,-0.085,-0.304,-0.042,-0.209,0.525,1.209,49.970,448.075,1355.520,1168.699,281.332,13.992,2.665,2.695,2.560,2.770,2.982,3.767,4.406,5.097,5.762,5.888,7.111,7.401,8.312,9.313,9.504,10.335,11.019,12.211,12.478,12.531,14.612,15.298,17.355,19.962,19.744,17.827,19.527,18.740,17.469,18.634,18.738,18.571,18.997,18.610,19.886,19.143,18.428,19.049,19.185,18.121,19.220,18.422,19.380,18.775,18.650,18.911,18.186,17.985,18.102,16.617,17.018,16.267,16.467,15.596,16.530,15.165,14.058,14.476,13.858,14.062,13.643,12.984,12.705,11.907,11.677,12.242,10.633,11.049,10.523,10.186,10.292,9.224,8.626,8.171,8.102,8.496,8.810,7.783,7.502,7.576,5.887,6.380,5.700,5.325,5.702,5.527,5.254,4.972,4.460,4.083,5.536,3.384,4.488,3.734,3.480,4.099,2.557,2.986,2.868,2.108,2.632,1.939,1.428,2.701,2.335,1.144,1.179,1.724,1.191,1.732,
380,-4.131,-3.492,-3.135,-2.278,-2.276,-2.336,-2.076,-1.885,-1.872,-1.360,-1.592,-0.964,-1.357,-1.448,-1.469,-1.127,-1.293,-1.353,-0.894,-1.179,-1.090,-1.124,-0.930,-0.868,-1.167,-0.883,-0.869,-1.002,-0.725,-0.996,-0.966,-0.771,-0.893,-1.071,-0.912,-0.787,-0.775,-0.499,-0.459,-0.580,-0.768,-0.821,-0.419,-0.734,-0.717,-0.663,-0.582,-0.674,-0.665,-0.570,-0.479,-0.344,-0.228,-0.400,-0.063,-0.320,-0.139,0.034,0.146,0.170,0.022,0.926,5.984,169.250,894.100,1415.834,720.779,85.797,3.763,2.272,2.333,2.785,3.098,3.824,4.171,4.214,5.089,5.507,6.055,6.306,7.274,8.435,8.925,9.895,9.834,10.203,10.724,11.334,12.777,13.514,13.528,14.946,16.879,17.363,17.517,16.914,16.600,16.506,15.919,16.773,16.082,16.297,16.678,17.368,17.444,17.396,17.845,17.077,16.728,16.914,17.053,15.726,15.266,16.503,16.004,16.441,15.577,14.904,15.033,15.249,14.029,13.954,13.996,12.271,13.952,12.649,12.219,12.528,12.640,11.276,11.152,11.391,10.743,10.353,9.680,9.352,10.476,10.311,9.474,8.470,8.273,8.012,7.186,7.055,5.716,6.639,5.702,7.204,7.077,6.042,5.765,5.390,4.276,4.711,4.238,4.020,4.347,3.743,3.544,4.303,3.896,3.175,2.949,3.572,1.988,2.442,2.527,2.019,1.765,1.854,1.689,1.418,1.581,0.942,0.973,0.870,
385,-4.126,-3.973,-2.932,-2.150,-2.502,-1.960,-2.225,-2.036,-1.677,-1.737,-1.622,-1.150,-1.084,-1.253,-1.604,-1.188,-1.100,-1.197,-1.273,-1.079,-0.976,-1.093,-0.803,-0.992,-0.830,-0.997,-0.882,-1.062,-0.912,-0.935,-0.867,-0.831,-0.864,-0.890,-0.937,-0.803,-0.454,-0.658,-0.625,-0.830,-0.708,-0.695,-0.732,-0.833,-0.718,-0.481,-0.727,-0.514,-0.563,-0.362,-0.430,-0.384,-0.427,-0.389,-0.142,-0.117,-0.322,-0.120,-0.225,-0.134,-0.094,0.065,0.246,0.171,1.009,27.493,400.175,1277.397,1311.593,379.663,25.385,2.217,2.348,1.960,2.966,2.750,4.127,3.479,4.439,4.854,4.962,5.960,6.108,7.298,7.169,7.564,8.906,9.070,9.237,10.378,9.740,10.332,11.347,13.884,13.513,15.415,15.858,16.056,16.548,15.206,14.010,15.113,13.720,14.936,15.497,15.415,14.296,14.934,14.558,14.072,15.404,14.364,14.400,14.104,14.335,13.610,13.608,13.159,12.477,12.692,11.878,13.196,12.442,12.485,11.408,12.845,10.574,10.998,11.949,10.692,9.148,9.547,9.396,9.677,9.480,8.741,8.511,7.881,8.155,7.427,6.530,7.590,6.655,6.112,6.385,6.036,6.118,5.315,4.713,4.587,4.426,5.086,4.701,4.168,3.955,3.576,3.568,3.178,2.535,3.220,3.052,2.538,3.505,1.867,2.893,2.844,2.710,2.166,2.041,1.990,1.728,0.889,2.169,1.573,1.123,0.754,
390,-2.929,-3.791,-2.602,-2.260,-1.880,-2.270,-1.591,-2.159,-1.831,-1.871,-1.528,-1.225,-1.525,-1.477,-1.305,-1.299,-1.035,-1.200,-1.060,-1.100,-1.090,-1.028,-1.086,-0.707,-0.894,-1.123,-0.939,-0.926,-0.864,-0.843,-0.867,-0.890,-0.816,-0.590,-0.827,-0.481,-0.623,-0.824,-0.632,-0.840,-0.779,-0.688,-0.293,-0.747,-0.523,-0.726,-0.455,-0.549,-0.595,-0.390,-0.425,-0.407,-0.546,-0.522,-0.471,-0.238,-0.375,0.000,-0.136,-0.066,-0.316,0.257,-0.049,0.093,0.111,0.258,0.214,5.616,142.303,897.609,1388.167,770.116,85.023,3.312,2.310,1.932,2.336,2.639,3.103,3.008,3.772,4.352,4.810,4.750,5.484,5.782,6.206,6.082,7.220,7.863,8.108,8.325,9.446,9.342,9.678,10.157,10.860,12.262,12.263,13.559,14.196,13.389,12.626,12.904,11.428,12.382,12.483,12.831,12.197,13.175,13.371,12.624,12.727,12.608,11.448,12.391,12.724,12.234,11.558,11.449,11.136,10.991,10.944,10.935,10.015,10.971,9.525,9.832,9.667,10.094,8.923,8.139,9.259,8.741,8.204,8.204,7.606,7.741,7.288,7.055,6.909,6.316,5.669,7.008,6.317,5.640,5.492,5.373,5.053,4.205,4.530,4.505,4.508,4.163,3.746,2.901,3.428,2.424,2.714,2.371,2.592,2.697,3.003,2.021,2.146,1.468,1.273,2.023,1.208,1.816,2.142,1.747,1.515,1.429,0.945,0.097,
395,-3.403,-3.409,-2.556,-2.067,-1.990,-1.597,-1.801,-1.760,-1.391,-1.740,-1.453,-1.112,-1.202,-1.082,-1.058,-1.121,-1.134,-1.121,-1.227,-1.056,-0.987,-0.804,-0.980,-0.912,-0.994,-0.792,-0.844,-0.938,-0.752,-0.851,-0.889,-0.680,-0.691,-0.594,-0.734,-0.598,-0.393,-0.677,-0.502,-0.608,-0.746,-0.593,-0.482,-0.749,-0.576,-0.747,-0.602,-0.393,-0.417,-0.407,-0.475,-0.569,-0.274,-0.343,-0.502,-0.349,-0.425,-0.158,-0.298,-0.143,-0.282,-0.227,-0.240,-0.242,-0.042,0.182,0.141,0.269,0.642,1.273,39.843,427.245,1251.751,1228.934,312.336,15.376,1.798,1.889,1.812,2.012,2.170,2.762,2.765,3.679,3.451,4.356,4.873,5.295,5.217,5.372,5.739,5.932,6.407,7.224,6.967,7.920,7.893,9.084,8.753,9.705,9.658,10.108,11.399,11.926,11.871,11.082,10.738,11.054,11.420,10.518,10.430,10.328,9.542,10.078,10.473,10.821,9.465,10.568,9.597,9.620,9.502,10.505,9.570,8.985,9.492,8.852,8.867,7.806,8.865,8.532,7.021,7.678,7.618,6.461,7.641,6.412,7.675,6.432,6.493,6.385,5.972,5.930,5.781,5.183,5.277,5.240,5.003,4.700,3.890,4.464,4.644,4.199,3.687,4.150,3.302,3.303,2.880,3.327,2.976,2.007,2.462,2.792,2.305,2.189,0.961,1.530,1.815,1.855,1.809,1.837,1.290,1.220,0.818,0.869,0.877,0.597,
400,-4.172,-3.706,-2.419,-2.241,-1.524,-2.216,-1.926,-1.051,-1.575,-1.348,-0.968,-1.476,-0.964,-1.203,-1.109,-1.001,-1.090,-1.241,-1.046,-1.114,-1.037,-0.837,-0.962,-0.725,-0.867,-0.813,-0.871,-0.893,-0.798,-0.862,-0.709,-0.606,-0.675,-0.774,-0.556,-0.733,-0.533,-0.619,-0.611,-0.481,-0.621,-0.634,-0.371,-0.492,-0.398,-0.657,-0.537,-0.663,-0.517,-0.484,-0.437,-0.505,-0.318,-0.511,-0.374,-0.475,-0.433,-0.349,-0.370,-0.477,-0.445,-0.320,-0.093,0.086,0.034,-0.007,-0.151,0.097,-0.125,0.149,0.562,0.143,6.182,106.434,763.651,1279.621,728.967,93.348,3.400,1.236,1.934,1.790,2.303,2.317,2.283,2.841,2.980,3.396,4.083,3.842,4.173,4.836,5.428,5.162,5.237,6.330,5.962,6.711,6.645,7.436,6.278,7.766,7.946,7.867,8.941,9.862,9.552,10.094,8.935,9.267,8.903,8.902,8.866,8.666,9.216,9.534,8.583,9.027,8.739,8.436,8.476,8.145,8.403,7.502,8.139,7.221,7.530,7.331,7.625,6.556,6.628,7.063,7.329,6.411,6.517,6.538,5.799,5.499,4.917,5.859,5.580,4.233,5.479,4.671,4.949,4.375,4.306,3.487,4.324,3.487,3.629,3.269,3.020,3.442,3.566,2.909,2.542,2.609,2.576,2.614,2.416,1.798,2.226,2.240,1.941,1.425,2.250,1.359,1.476,0.820,1.073,1.247,1.120,0.890,1.328,0.486,
405,-4.606,-3.642,-1.697,-1.707,-1.717,-1.847,-1.874,-1.706,-1.461,-1.947,-0.902,-0.990,-0.541,-1.168,-1.146,-1.094,-0.940,-1.126,-0.600,-0.865,-0.789,-0.996,-0.931,-1.118,-0.732,-0.965,-0.776,-0.624,-0.625,-0.617,-0.860,-0.652,-0.707,-0.853,-0.611,-0.725,-0.700,-0.662,-0.618,-0.731,-0.704,-0.704,-0.724,-0.575,-0.606,-0.625,-0.589,-0.406,-0.550,-0.410,-0.600,-0.389,-0.495,-0.519,-0.419,-0.396,-0.278,-0.302,-0.311,-0.203,-0.453,-0.134,-0.321,-0.375,-0.206,-0.299,-0.192,-0.088,-0.081,-0.113,-0.091,-0.072,0.360,0.361,0.761,49.377,432.383,1244.220,968.709,204.532,7.461,1.588,1.564,2.063,1.989,1.959,2.227,2.912,2.685,2.834,3.517,3.326,4.235,4.280,4.322,5.320,5.672,5.803,6.368,5.682,6.393,6.659,6.344,7.523,6.886,7.738,7.962,8.763,9.595,9.164,9.135,9.766,8.745,8.376,7.707,8.138,7.614,7.859,8.004,7.697,8.196,8.019,8.434,7.915,6.930,7.917,6.900,7.410,7.614,6.334,6.965,5.872,7.226,6.548,6.638,5.896,6.388,6.099,5.713,5.362,6.223,5.195,5.054,4.340,4.568,5.433,4.711,3.539,4.143,3.060,3.713,4.584,3.536,3.451,3.348,2.528,2.828,2.896,2.654,2.417,2.046,1.835,1.968,1.431,1.233,1.084,1.744,1.321,2.039,1.431,1.128,1.363,0.934,1.093,0.232,0.499,
410,-3.420,-2.673,-2.370,-2.694,-2.384,-2.059,-1.671,-1.782,-1.654,-1.494,-1.287,-1.360,-1.387,-0.831,-1.257,-0.840,-0.619,-0.931,-0.893,-0.768,-0.655,-0.986,-0.513,-0.842,-0.794,-0.751,-0.881,-0.604,-0.564,-0.431,-0.877,-0.657,-0.816,-0.833,-0.551,-0.675,-0.414,-0.580,-0.589,-0.575,-0.726,-0.582,-0.677,-0.379,-0.627,-0.382,-0.464,-0.513,-0.284,-0.394,-0.382,-0.441,-0.386,-0.498,-0.377,-0.313,-0.389,-0.532,-0.302,-0.517,-0.515,-0.409,-0.347,-0.142,-0.233,-0.129,-0.344,-0.299,-0.220,-0.098,-0.057,0.120,0.017,0.125,-0.085,0.047,0.578,7.874,183.837,867.081,1237.110,482.535,48.898,1.936,1.482,1.687,1.423,1.996,2.595,2.492,2.482,2.795,3.441,3.124,3.639,3.943,4.458,5.176,5.115,4.754,5.224,6.019,7.159,6.355,6.707,6.083,6.936,7.021,7.582,7.169,7.873,8.355,8.419,8.828,9.518,9.413,7.504,8.994,7.805,7.400,7.445,7.227,7.832,7.292,7.573,7.232,7.475,6.962,6.547,6.254,6.548,6.782,6.428,6.181,5.422,6.052,6.094,6.249,6.004,4.818,5.300,5.770,4.536,4.888,4.018,4.341,3.616,4.461,3.816,3.550,3.507,3.353,3.624,3.356,2.984,2.669,2.757,2.239,2.965,1.643,2.424,1.399,1.897,1.589,1.671,1.394,2.472,1.483,1.208,1.480,0.888,1.442,1.255,1.023,0.683,0.419,
415,-3.254,-1.975,-2.657,-1.835,-1.886,-1.734,-1.280,-1.468,-1.547,-1.858,-1.299,-1.529,-0.700,-0.970,-1.150,-1.064,-0.927,-1.192,-1.011,-0.914,-0.585,-1.106,-0.582,-0.772,-0.859,-0.707,-0.723,-0.844,-0.573,-0.692,-0.302,-0.706,-0.616,-0.551,-0.554,-0.615,-0.701,-0.481,-0.590,-0.493,-0.572,-0.386,-0.605,-0.266,-0.397,-0.612,-0.631,-0.378,-0.601,-0.537,-0.546,-0.500,-0.581,-0.312,-0.157,-0.413,-0.413,-0.445,-0.375,-0.421,-0.438,-0.465,-0.232,-0.112,-0.261,-0.228,-0.345,-0.155,-0.026,-0.216,-0.322,-0.258,-0.358,-0.142,-0.372,0.037,0.186,0.206,0.191,1.351,39.628,443.133,1122.083,830.102,169.348,7.668,1.205,1.467,1.492,1.825,1.689,1.838,2.309,2.894,2.824,3.054,3.470,3.963,4.679,4.401,5.014,5.003,4.726,5.627,5.115,5.623,5.710,5.862,6.647,6.867,6.391,6.453,7.724,6.815,7.375,7.421,8.264,8.558,7.442,7.396,7.814,7.134,7.395,6.774,7.108,6.618,6.507,6.902,6.110,6.430,6.333,5.774,6.497,5.775,6.200,4.908,5.572,5.703,4.964,5.581,4.953,4.483,4.477,4.854,5.034,4.433,4.162,3.937,3.781,3.912,3.057,3.399,3.332,2.809,3.077,2.604,3.294,2.731,2.448,2.742,2.165,2.005,2.552,2.037,1.947,1.769,1.038,1.621,1.581,1.535,1.874,1.750,0.863,1.443,1.051,1.095,
420,-2.936,-3.397,-1.406,-2.254,-1.679,-1.804,-1.925,-1.297,-1.358,-1.442,-1.081,-0.959,-0.619,-0.901,-0.970,-0.995,-0.819,-0.888,-0.983,-0.547,-0.859,-0.881,-0.610,-0.627,-0.842,-0.744,-0.800,-0.710,-0.404,-0.742,-0.651,-0.448,-0.633,-0.575,-0.612,-0.477,-0.618,-0.688,-0.545,-0.591,-0.584,-0.517,-0.448,-0.542,-0.402,-0.456,-0.403,-0.429,-0.328,-0.431,-0.356,-0.455,-0.543,-0.424,-0.391,-0.496,-0.356,-0.336,-0.367,-0.388,-0.349,-0.257,-0.353,-0.097,-0.259,-0.292,-0.137,-0.293,-0.233,-0.371,-0.193,-0.026,-0.062,0.015,-0.052,-0.144,0.034,0.026,0.163,0.113,0.146,0.236,10.085,205.187,883.458,1024.229,319.175,21.809,1.878,1.189,1.651,1.805,1.852,1.684,2.327,2.380,2.422,3.042,3.397,3.037,3.745,3.546,3.486,4.732,5.113,4.952,5.103,5.195,5.155,5.620,5.403,5.479,5.945,5.779,5.479,5.761,5.731,7.032,7.275,7.070,7.255,7.062,7.109,6.196,6.463,6.111,5.378,5.951,6.100,6.786,5.763,6.049,5.075,5.415,5.918,5.361,6.008,5.257,4.815,4.848,4.514,4.143,4.967,4.664,4.161,4.214,3.643,3.932,3.553,3.182,3.741,3.192,2.849,2.769,2.429,3.071,2.820,2.613,2.656,1.797,2.286,2.116,1.854,3.051,1.309,1.793,1.699,1.514,1.268,1.015,1.354,1.064,1.182,1.083,1.173,0.291,
425,-2.344,-2.480,-1.502,-1.512,-1.787,-1.686,-1.737,-1.478,-1.489,-1.356,-0.945,-1.372,-1.283,-0.938,-1.136,-0.911,-0.849,-0.953,-1.042,-0.673,-0.865,-0.778,-0.688,-0.927,-0.873,-0.627,-0.624,-0.672,-0.434,-0.667,-0.559,-0.709,-0.711,-0.458,-0.543,-0.496,-0.543,-0.615,-0.597,-0.514,-0.482,-0.572,-0.358,-0.508,-0.578,-0.329,-0.404,-0.464,-0.414,-0.503,-0.438,-0.259,-0.440,-0.438,-0.376,-0.384,-0.321,-0.435,-0.333,-0.269,-0.281,-0.241,-0.320,-0.306,-0.236,-0.205,-0.340,-0.374,-0.314,0.037,-0.320,-0.111,-0.139,-0.127,-0.147,-0.092,-0.086,-0.057,-0.147,-0.122,0.126,-0.033,0.092,0.205,1.466,48.297,428.707,979.729,647.636,103.109,4.058,1.210,1.076,1.691,2.250,1.971,1.532,2.283,2.566,2.628,2.773,3.059,3.574,3.221,3.431,3.567,4.441,4.506,4.647,4.000,4.305,4.419,4.242,4.310,5.015,5.114,4.694,4.915,5.859,5.183,6.497,5.877,6.482,6.296,6.318,5.751,5.373,5.197,5.032,4.965,4.955,5.307,4.795,5.167,4.174,4.779,4.422,4.042,4.309,4.194,4.272,4.262,3.860,3.941,3.873,3.285,3.630,4.158,3.838,3.261,3.388,3.280,3.259,2.464,2.891,2.601,1.678,1.882,2.737,2.553,1.749,2.081,1.237,1.849,1.391,1.530,1.206,1.129,1.421,1.343,1.027,1.178,0.548,0.788,0.277,0.712,
430,-3.440,-2.806,-2.153,-1.430,-1.237,-1.348,-0.548,-1.682,-1.197,-1.110,-1.074,-1.098,-1.067,-0.970,-0.901,-0.842,-0.706,-0.574,-0.991,-0.927,-0.656,-0.518,-0.520,-0.856,-0.494,-0.704,-0.762,-0.616,-0.552,-0.400,-0.619,-0.642,-0.556,-0.565,-0.462,-0.563,-0.533,-0.484,-0.619,-0.444,-0.598,-0.534,-0.448,-0.466,-0.409,-0.387,-0.479,-0.426,-0.543,-0.396,-0.267,-0.501,-0.407,-0.372,-0.439,-0.279,-0.409,-0.432,-0.381,-0.405,-0.338,-0.327,-0.366,-0.352,-0.327,-0.336,-0.150,-0.372,-0.341,-0.128,-0.237,-0.167,-0.285,0.025,-0.226,-0.145,-0.154,-0.167,-0.024,-0.123,-0.184,-0.071,0.110,0.252,0.156,-0.033,0.626,9.356,126.043,609.640,775.072,301.120,27.541,1.432,1.139,1.126,1.359,1.854,1.830,1.878,2.053,2.254,2.458,2.184,2.885,2.768,3.149,3.524,3.550,3.237,3.395,3.748,3.946,3.956,3.871,4.130,4.333,4.161,3.961,4.533,4.700,4.403,4.557,4.400,5.022,5.326,5.193,5.443,5.151,4.453,4.946,4.272,4.600,4.872,3.890,4.020,3.394,4.407,3.463,4.028,3.643,3.276,3.968,3.438,3.411,3.444,2.896,2.885,3.107,2.721,2.505,2.441,2.390,2.242,2.418,2.852,2.130,2.020,2.529,2.037,1.457,1.309,1.412,1.422,1.495,1.545,1.711,1.295,1.082,0.872,0.907,0.822,0.651,1.056,0.316,0.477,
435,-2.725,-2.195,-1.743,-1.710,-1.277,-1.206,-1.255,-1.230,-1.410,-1.134,-1.055,-0.919,-0.917,-0.975,-0.893,-0.777,-0.701,-0.765,-0.823,-0.592,-0.508,-0.618,-0.470,-0.603,-0.531,-0.462,-0.572,-0.664,-0.582,-0.691,-0.588,-0.528,-0.502,-0.292,-0.544,-0.445,-0.392,-0.282,-0.417,-0.570,-0.296,-0.368,-0.343,-0.490,-0.429,-0.445,-0.403,-0.508,-0.324,-0.441,-0.461,-0.487,-0.420,-0.265,-0.400,-0.409,-0.327,-0.241,-0.172,-0.350,-0.211,-0.316,-0.354,-0.351,-0.403,-0.192,-0.325,-0.325,-0.199,-0.171,-0.205,-0.215,-0.206,-0.248,-0.208,-0.236,-0.168,-0.183,0.034,-0.236,0.005,-0.199,-0.213,-0.228,0.065,0.123,-0.190,0.080,0.006,1.525,43.041,297.103,701.916,464.441,94.051,4.188,1.260,1.127,1.449,1.792,1.427,1.539,1.678,2.029,2.089,1.955,2.480,2.159,2.711,3.095,2.617,2.912,3.170,3.193,3.647,3.692,3.913,3.326,3.528,3.403,3.995,3.511,3.681,3.809,4.200,4.194,4.001,4.337,4.538,4.261,3.712,4.635,4.916,3.932,3.881,3.077,3.648,3.495,3.831,3.521,3.476,3.588,3.200,2.968,2.611,3.023,3.119,3.075,2.807,2.606,2.314,2.233,2.714,2.217,2.100,2.367,1.701,2.063,1.717,1.742,2.025,1.538,1.569,1.239,1.436,1.098,1.198,1.483,1.507,1.386,0.972,0.494,0.789,0.522,0.641,0.514,
440,-2.058,-1.991,-2.169,-1.790,-1.542,-0.913,-1.124,-1.257,-1.008,-1.124,-0.739,-0.729,-0.906,-0.754,-0.868,-0.777,-0.676,-0.697,-0.850,-0.783,-0.423,-0.416,-0.604,-0.568,-0.411,-0.470,-0.453,-0.531,-0.377,-0.477,-0.456,-0.514,-0.492,-0.402,-0.396,-0.363,-0.320,-0.428,-0.411,-0.573,-0.415,-0.534,-0.284,-0.309,-0.253,-0.386,-0.344,-0.495,-0.356,-0.382,-0.351,-0.353,-0.243,-0.385,-0.174,-0.265,-0.468,-0.205,-0.279,-0.281,-0.211,-0.353,-0.191,-0.293,-0.237,-0.251,-0.124,-0.200,-0.237,-0.261,-0.293,-0.337,-0.265,-0.156,-0.237,-0.203,-0.056,0.034,-0.173,-0.134,-0.110,0.088,-0.209,0.007,-0.109,-0.001,0.252,-0.047,0.135,0.171,0.097,0.251,5.080,104.186,437.243,607.984,232.545,24.686,1.489,0.961,1.125,1.351,1.023,1.604,1.758,1.944,1.481,2.349,1.537,2.485,2.142,2.642,2.756,2.752,2.954,2.620,2.699,3.159,2.910,3.195,3.054,3.006,2.991,3.288,3.144,3.720,3.161,3.179,3.263,3.547,3.461,4.129,4.081,4.326,3.705,3.564,3.213,3.412,3.297,3.487,2.969,2.574,2.691,2.767,3.490,2.519,2.696,2.325,2.610,2.628,2.236,2.392,2.288,2.097,2.102,2.106,1.781,1.425,1.654,1.412,1.149,1.402,1.333,1.449,1.164,1.004,1.506,0.795,0.751,0.949,0.940,1.057,0.974,0.476,0.608,0.392,
445,-2.732,-1.626,-1.589,-1.074,-1.355,-1.193,-1.186,-1.269,-1.213,-0.840,-0.882,-0.984,-0.315,-0.892,-0.835,-0.575,-0.706,-0.900,-0.659,-0.589,-0.482,-0.479,-0.478,-0.542,-0.607,-0.356,-0.467,-0.458,-0.461,-0.625,-0.488,-0.551,-0.619,-0.560,-0.395,-0.372,-0.441,-0.506,-0.519,-0.239,-0.254,-0.396,-0.319,-0.341,-0.402,-0.337,-0.302,-0.459,-0.395,-0.370,-0.222,-0.354,-0.368,-0.362,-0.213,-0.397,-0.244,-0.255,-0.261,-0.301,-0.347,-0.114,-0.263,-0.301,-0.228,-0.208,-0.325,-0.201,-0.167,-0.297,-0.190,-0.160,-0.213,-0.127,-0.142,-0.110,-0.167,-0.139,-0.167,-0.276,-0.222,0.008,-0.025,-0.142,-0.143,-0.142,0.089,-0.161,0.098,0.142,0.079,0.056,0.106,0.132,0.597,18.734,205.693,524.880,435.348,95.491,5.180,1.137,0.736,1.233,1.069,1.078,1.402,1.420,1.547,1.697,1.774,1.761,1.913,1.858,1.905,2.155,2.526,2.409,2.503,2.708,2.490,2.408,2.622,2.563,3.376,3.289,2.924,3.097,2.936,2.603,2.904,2.856,2.726,3.176,3.434,3.052,3.266,3.260,3.801,2.920,3.620,2.773,2.980,2.471,2.709,2.378,2.372,2.286,2.666,1.977,2.061,1.995,1.813,1.601,1.628,1.421,1.608,1.701,1.887,1.545,1.588,1.650,1.571,1.411,1.310,1.015,1.150,1.587,1.058,1.187,0.681,0.523,0.608,0.620,0.599,0.439,
450,-2.418,-1.847,-1.729,-0.802,-0.741,-1.208,-1.182,-0.976,-0.699,-0.962,-0.784,-0.751,-0.575,-0.866,-0.494,-0.553,-0.587,-0.544,-0.450,-0.680,-0.482,-0.465,-0.367,-0.538,-0.480,-0.410,-0.435,-0.455,-0.469,-0.385,-0.375,-0.322,-0.261,-0.393,-0.321,-0.280,-0.203,-0.363,-0.311,-0.279,-0.379,-0.241,-0.447,-0.399,-0.355,-0.280,-0.234,-0.304,-0.213,-0.354,-0.109,-0.237,-0.270,-0.383,-0.269,-0.265,-0.151,-0.312,-0.277,-0.201,-0.325,-0.202,-0.130,-0.252,-0.219,-0.095,-0.150,-0.141,-0.168,-0.185,-0.221,-0.227,-0.275,-0.205,-0.120,-0.173,-0.238,-0.172,-0.135,-0.148,-0.080,-0.158,0.028,-0.072,-0.127,-0.120,0.016,-0.050,-0.094,-0.056,0.052,0.007,-0.019,0.138,0.163,0.110,0.251,3.464,67.343,354.653,542.074,222.907,20.188,1.200,0.863,0.858,1.093,1.002,1.053,1.118,1.540,1.246,1.689,1.715,1.881,1.692,1.683,2.151,2.112,2.466,2.336,2.722,2.250,2.368,2.271,2.352,2.467,2.404,2.448,2.675,2.394,2.706,2.648,2.868,2.988,2.954,2.921,2.706,2.897,2.518,3.441,3.040,3.194,2.627,2.671,2.228,1.973,1.969,2.105,2.073,1.758,2.169,1.457,1.979,1.505,1.865,1.463,1.924,1.275,1.501,1.238,1.589,1.202,1.273,1.237,1.238,0.736,1.024,1.118,0.773,0.953,0.698,0.838,0.893,0.692,0.315,
