"Summary"
"[Software Information]"
"Software Name:","LabSolutions RF"
"Version:","1.12"
"[Data Information]"
"Data is:","Modified"
"Sample Name:","AP02_240625"
"Sample ID"
"Option"
"Analyst"
"Date/Time:","30/07/2025 12:50:38"
"Comments"
"[Instrument Information]"
"Instrument Name:","Fluoro"
"Instrument Type:","RF-6000 Series"
"Model (S/N):","RF-6000 (A40245500667SA)"

"Parameter"
"[Measurement]"
"Spectrum Type:","3D"
"EX Wavelength Start:","240.0 nm"
"EX Wavelength End:","450.0 nm"
"Data Interval:","5.0 nm"
"EM Wavelength Start:","250.0 nm"
"EM Wavelength End:","600.0 nm"
"Data Interval:","2.0 nm"
"Scan Speed:","6000 nm/min"
"[Instrument]"
"EX Bandwidth:","3.0 nm"
"EM Bandwidth:","3.0 nm"
"Sensitivity:","High"
"[Attachment]"
"Attachment:","None"
"[Auto Print]"
"Auto Print:","No"
"Report File:",""

"AP02_240625.fs3f - CorrectionData"
"EX Wavelength/EM Wavelength",250,252,254,256,258,260,262,264,266,268,270,272,274,276,278,280,282,284,286,288,290,292,294,296,298,300,302,304,306,308,310,312,314,316,318,320,322,324,326,328,330,332,334,336,338,340,342,344,346,348,350,352,354,356,358,360,362,364,366,368,370,372,374,376,378,380,382,384,386,388,390,392,394,396,398,400,402,404,406,408,410,412,414,416,418,420,422,424,426,428,430,432,434,436,438,440,442,444,446,448,450,452,454,456,458,460,462,464,466,468,470,472,474,476,478,480,482,484,486,488,490,492,494,496,498,500,502,504,506,508,510,512,514,516,518,520,522,524,526,528,530,532,534,536,538,540,542,544,546,548,550,552,554,556,558,560,562,564,566,568,570,572,574,576,578,580,582,584,586,588,590,592,594,596,598,600,
240,-185.827,-164.342,-96.141,-115.561,-60.221,-26.238,-46.943,-21.772,-50.181,-61.423,-70.574,-52.528,-55.864,-56.647,-48.097,-55.410,-54.340,-40.985,-45.086,-40.158,-39.272,-39.120,-40.339,-40.606,-34.557,-34.822,-40.902,-27.837,-29.339,-32.607,-26.972,-30.966,-25.952,-19.798,-17.484,-13.085,-21.184,-16.991,-13.331,-15.401,-9.396,-15.011,-14.144,-13.787,-11.114,-8.229,-11.736,-8.046,-14.764,-10.302,-1.028,-16.938,-1.940,1.936,-5.373,1.708,-6.700,1.187,-0.791,2.891,9.606,3.261,15.415,14.093,20.839,12.458,15.983,13.024,16.895,17.463,33.913,19.406,18.145,20.284,16.038,24.731,13.171,25.132,22.201,39.604,29.428,32.405,24.205,38.751,43.104,18.695,27.658,23.653,31.216,27.869,30.717,38.869,28.625,36.860,30.120,37.259,36.476,27.611,20.324,32.251,28.808,29.158,16.731,33.825,33.730,22.782,25.989,31.022,18.616,24.238,6.097,13.714,27.051,66.075,108.715,166.582,92.957,54.168,16.230,11.101,9.432,10.616,4.546,15.626,6.905,7.471,2.295,3.240,-2.939,-1.131,0.448,-2.136,-9.254,-1.069,17.418,3.353,0.433,-2.083,3.449,-6.431,-6.321,-8.378,-11.701,-13.907,-18.188,-19.758,-20.535,-14.435,-21.573,-13.384,-16.093,-24.743,-21.117,-10.686,-21.217,-30.126,-25.559,-25.446,-26.775,-18.119,-26.803,-28.456,-36.169,-35.911,-33.348,-31.972,-29.081,-34.019,-34.186,-34.049,-33.330,-43.645,-34.511,-32.661,-44.477,-40.506,
245,-87.070,-103.208,-87.024,-81.157,-72.349,-70.848,-55.509,-36.705,-8.762,-3.051,-38.058,-32.041,-43.216,-37.734,-42.625,-42.571,-38.078,-36.624,-36.738,-37.139,-33.072,-32.412,-31.085,-30.721,-30.729,-29.389,-26.814,-25.693,-27.058,-22.089,-21.350,-22.005,-19.468,-24.642,-19.754,-17.409,-17.628,-19.580,-13.556,-13.267,-9.797,-16.123,-9.645,-12.047,-7.392,-5.453,-8.896,-6.656,-11.392,-1.655,0.744,3.152,0.822,2.821,6.908,0.540,2.924,1.691,8.542,14.880,4.174,12.479,22.053,20.545,22.116,24.262,14.650,14.792,24.657,27.960,25.105,17.315,23.154,34.338,21.498,26.586,22.461,28.999,36.996,25.506,22.935,31.168,39.325,27.648,34.971,37.155,30.254,30.350,47.189,34.454,37.591,41.590,35.047,31.157,35.370,34.302,39.978,35.276,37.022,37.311,21.838,25.827,34.790,27.691,33.064,28.779,18.515,18.836,23.445,25.463,19.803,19.757,25.630,19.152,24.712,15.970,22.424,34.493,58.105,108.958,167.710,141.508,74.179,40.438,19.135,21.963,18.125,12.426,-0.827,6.728,-0.803,1.245,9.101,-3.870,-2.011,-1.572,5.963,-2.918,5.144,-5.448,-0.768,7.332,1.349,-1.445,-1.334,-0.847,-7.241,-15.724,-9.145,-6.782,-8.558,-22.837,-12.822,-22.060,-13.620,-17.777,-18.727,-15.536,-22.406,-24.392,-16.795,-14.898,-26.420,-20.769,-22.068,-23.500,-24.614,-26.348,-24.250,-30.462,-29.476,-24.493,-32.395,-28.853,-23.506,-26.085,
250,1092.901,615.243,63.225,-38.759,-44.211,-53.926,-41.987,-52.285,-40.182,-29.222,-23.167,7.565,13.094,-23.321,-29.115,-28.665,-31.240,-27.975,-25.112,-22.235,-26.865,-25.926,-20.272,-16.029,-22.950,-21.679,-21.788,-20.855,-16.905,-15.985,-22.069,-15.841,-17.092,-13.654,-17.222,-13.217,-9.272,-1.883,-11.251,-8.545,-7.157,-8.503,-3.826,-3.097,-2.666,-6.697,0.486,-3.427,1.569,-2.543,-2.534,-1.236,1.745,7.242,8.226,5.080,12.572,13.589,7.795,7.784,13.397,15.878,17.498,18.756,19.803,29.992,20.066,23.662,28.528,33.581,25.027,24.629,25.464,19.353,28.116,26.435,33.286,30.319,32.699,29.775,34.923,25.600,36.274,38.338,46.257,40.482,29.326,32.892,36.388,38.857,34.041,41.923,35.923,36.256,38.406,46.340,25.101,41.143,42.927,35.647,40.733,38.939,28.865,30.158,32.546,38.234,37.851,28.687,38.453,32.555,29.738,24.910,20.042,28.579,25.297,24.490,29.974,21.178,21.231,20.243,17.847,19.908,28.276,71.353,128.815,173.679,141.038,79.377,37.852,10.929,12.714,17.630,8.118,2.565,9.082,9.394,10.292,3.197,-0.831,10.046,0.130,-0.383,1.254,-2.196,-3.055,-4.639,2.700,-1.363,5.622,3.984,-3.121,-5.725,-11.190,-8.296,-9.818,-11.458,-9.839,-15.736,-8.371,-10.897,-13.361,-15.183,-15.836,-12.969,-21.384,-17.792,-14.124,-18.011,-24.228,-17.879,-21.118,-22.504,-26.410,-20.115,-24.093,-21.218,
255,-32.026,266.284,941.972,854.784,294.141,-18.908,-38.280,-40.720,-41.040,-38.207,-33.944,-34.788,-22.569,7.433,26.627,30.043,-5.553,-23.648,-23.619,-22.010,-22.219,-17.778,-23.258,-22.382,-23.778,-19.973,-21.492,-18.195,-18.109,-10.875,-17.414,-14.445,-15.615,-4.270,-8.747,-12.248,-12.839,-8.989,-8.829,-6.180,-9.567,-4.993,-6.684,1.956,-1.354,-3.061,2.961,1.332,-2.081,4.250,4.772,4.406,2.913,5.880,8.869,13.889,9.422,17.216,10.031,25.868,26.072,26.213,34.907,17.270,25.807,31.347,36.453,39.172,31.170,34.902,44.683,34.864,33.931,43.986,37.865,43.174,48.552,45.905,48.858,45.191,53.687,48.389,39.168,62.663,55.026,56.334,51.159,44.331,54.416,51.360,48.331,55.616,39.241,56.989,49.589,54.552,52.064,40.278,56.208,45.770,53.034,48.930,48.049,55.081,39.639,40.241,40.976,48.502,40.350,35.773,43.518,48.603,37.042,36.819,42.109,31.133,42.232,38.329,37.809,39.952,34.750,33.657,38.057,24.024,27.640,21.083,21.276,41.377,80.184,165.133,203.214,192.936,113.948,43.799,24.268,13.275,2.859,11.053,4.846,13.505,8.106,12.252,7.898,1.953,5.989,-0.189,-0.920,-0.849,10.245,0.015,-7.147,0.856,9.613,-2.880,4.272,4.039,-2.642,-3.757,-5.678,-8.096,-10.918,-14.985,-11.626,-6.737,-13.138,-12.947,-10.710,-8.361,-11.766,-19.659,-16.894,-18.096,-15.952,-19.620,-19.429,-20.457,
260,-80.610,-62.815,-53.604,51.795,455.919,969.191,667.014,90.919,-24.116,-32.015,-27.132,-27.419,-19.716,-24.689,-24.909,-15.813,10.448,32.631,27.523,0.893,-9.684,-16.647,-12.758,-12.336,-12.987,-11.661,-12.856,-12.857,-9.821,-7.786,-7.803,-6.879,-3.978,-10.891,-8.195,-2.376,0.901,0.325,-0.983,-1.038,-0.464,3.914,1.031,0.992,6.125,3.297,-0.870,2.846,2.785,5.710,7.892,5.329,6.977,11.775,12.291,13.679,17.895,19.901,18.382,17.767,19.437,25.670,30.316,30.813,24.439,32.342,29.087,31.286,31.785,35.194,30.378,42.169,34.364,38.042,38.474,36.750,33.190,37.944,43.669,43.351,48.685,37.912,48.868,52.141,43.859,49.831,56.506,48.209,55.529,52.324,46.939,50.618,51.908,54.594,54.923,50.605,50.263,52.450,48.434,49.736,52.943,53.095,51.474,46.909,43.457,46.387,53.424,48.912,49.730,47.092,38.597,45.031,48.071,38.497,32.789,39.316,31.488,32.657,32.371,35.616,40.878,31.000,24.585,31.397,28.551,24.807,24.108,25.627,19.452,17.790,15.985,23.974,36.058,73.418,152.645,250.526,217.472,141.454,46.545,17.959,15.689,18.450,13.415,15.014,19.214,6.867,0.756,6.878,0.507,10.793,2.953,2.404,-1.045,1.685,5.476,4.316,-0.344,0.884,8.174,3.396,1.398,8.410,0.090,1.477,-3.735,-4.298,-10.531,-7.250,-12.878,-13.143,-7.222,-5.127,-9.344,-10.783,-9.254,-12.069,
265,-62.618,-46.630,-36.090,-33.663,-27.826,0.980,295.179,948.034,860.020,273.256,6.836,-18.188,-17.452,-18.305,-16.894,-14.750,-11.971,-13.969,-3.272,15.906,27.336,26.165,6.839,-2.591,-8.167,-7.845,-7.504,-5.884,-8.320,-7.656,-3.295,-8.614,-2.227,-4.279,-1.344,0.442,2.895,0.311,3.253,5.440,3.377,0.713,8.187,2.300,9.039,2.730,8.673,4.337,12.019,8.285,8.980,10.032,9.064,11.447,9.243,14.232,14.854,8.662,13.150,21.078,26.740,22.827,19.348,23.152,26.240,28.050,33.152,32.382,30.563,34.891,29.130,28.700,35.339,38.875,35.451,33.518,37.846,34.732,36.496,38.128,43.341,38.183,41.111,38.283,50.861,43.474,39.796,47.031,45.352,45.639,49.296,53.351,43.333,52.257,40.384,46.589,40.833,43.349,52.480,44.847,50.584,43.979,42.510,49.070,50.705,42.918,43.131,38.649,41.815,42.351,38.079,39.961,39.394,28.568,36.993,34.378,35.924,36.073,42.113,35.122,25.442,32.345,28.106,32.088,35.698,25.597,23.588,26.732,27.181,23.741,21.495,28.806,22.398,19.544,23.802,18.836,16.274,31.662,85.047,152.831,221.672,196.280,107.645,46.825,22.366,18.343,6.674,11.281,8.956,6.953,8.212,2.674,0.714,2.812,4.964,-0.031,0.913,0.446,-0.797,-1.175,-0.245,1.730,0.853,2.365,4.780,4.725,10.419,11.118,-0.265,2.905,0.737,-2.629,-4.664,-9.364,-7.775,-0.811,
270,-49.777,-42.792,-19.622,-27.355,-23.181,-22.848,-17.380,-21.342,79.761,564.547,980.182,545.222,109.960,-6.361,-12.900,-10.821,-11.657,-7.237,-4.684,-8.850,-7.407,-2.791,9.199,26.903,33.763,15.757,5.246,-1.629,-2.473,-2.377,-2.325,-0.343,0.478,-1.599,0.647,-1.252,3.362,6.253,7.865,6.499,10.191,8.392,7.327,8.708,6.900,12.592,15.044,14.137,10.820,20.072,16.557,17.611,13.829,19.209,18.616,14.834,17.723,22.425,16.867,21.788,18.347,24.590,27.420,26.992,25.719,27.410,26.387,29.105,27.759,35.081,31.629,32.627,32.536,35.943,31.797,31.223,29.901,35.526,36.831,42.913,38.967,44.354,39.928,44.860,42.876,40.881,43.806,48.303,41.871,45.503,45.486,47.081,38.519,47.945,42.946,41.522,44.024,45.386,48.205,42.648,49.407,47.893,46.629,47.940,42.784,46.259,45.366,43.764,41.574,42.539,42.900,39.063,40.407,35.852,35.022,32.796,41.742,39.259,34.650,30.373,35.287,28.757,31.987,30.106,27.623,27.826,23.476,23.960,25.043,25.744,20.923,21.079,23.893,22.541,17.921,19.160,19.649,19.109,16.879,14.655,13.739,12.065,33.764,81.469,158.666,235.677,210.080,124.882,37.946,17.712,8.491,5.392,5.450,3.625,6.715,1.482,3.068,3.878,3.442,5.949,4.455,-0.242,1.276,-0.837,1.929,-3.058,1.258,-1.730,-1.680,-2.166,4.907,6.240,1.791,7.244,6.255,-1.595,
275,-36.554,-32.310,-21.402,-20.785,-19.250,-15.880,-18.785,-18.418,-18.102,-13.772,13.102,308.217,870.647,831.960,223.247,11.505,-2.984,-7.654,-4.867,-6.529,-1.372,-4.048,-3.153,0.905,3.220,15.215,45.014,32.148,18.480,12.673,4.367,2.986,1.723,2.209,2.484,9.985,7.349,7.550,12.680,9.389,10.190,11.969,12.459,10.141,13.992,14.038,13.221,14.425,16.429,18.137,13.220,18.162,18.225,17.961,22.545,21.957,22.675,17.758,19.151,21.788,26.133,26.209,25.599,23.060,23.849,22.516,30.869,34.285,27.005,31.406,27.286,30.300,30.414,31.663,37.397,32.110,35.519,35.290,40.044,34.211,37.795,40.110,37.646,38.761,37.252,35.820,35.918,40.269,41.871,40.282,40.770,41.876,44.786,41.661,44.381,43.946,46.617,48.856,38.549,43.192,38.025,38.591,40.339,43.274,43.204,38.412,35.221,37.751,35.587,42.177,35.675,34.719,31.181,42.024,32.341,32.002,33.409,34.425,33.836,30.355,27.321,25.797,29.067,28.761,26.264,26.716,27.657,28.835,26.395,26.313,24.928,26.784,23.068,19.390,19.488,16.870,12.696,19.063,10.371,16.763,15.308,12.397,12.887,10.872,12.448,14.788,6.942,30.616,85.948,169.514,237.088,211.893,103.442,39.934,13.870,11.337,7.325,4.021,1.754,8.551,4.296,5.385,0.556,1.788,0.192,3.111,-3.006,1.983,2.217,-0.092,1.730,-4.979,0.991,-1.970,2.305,2.689,
280,-34.378,-27.987,-24.869,-21.380,-14.187,-17.686,-16.561,-14.206,-14.009,-12.407,-11.181,-10.545,-4.255,113.145,618.948,924.416,448.247,62.910,-2.876,-3.774,-1.834,-5.222,-2.824,-0.219,-2.164,-2.440,4.278,2.672,16.147,32.878,37.394,22.569,11.224,6.918,7.154,10.296,7.898,14.060,12.830,12.656,14.517,12.371,12.405,18.099,14.370,16.911,20.297,18.283,21.521,20.459,18.836,16.785,17.290,23.223,21.254,24.953,21.944,23.460,23.485,24.045,26.523,24.397,25.802,23.445,27.915,30.572,30.771,28.612,31.945,28.759,35.707,32.711,28.726,36.450,30.498,37.558,37.451,37.788,38.450,35.199,39.053,42.277,43.813,36.359,33.356,45.263,39.101,38.392,38.103,44.107,41.141,39.880,40.952,42.189,44.025,40.710,41.353,37.664,42.367,39.378,43.912,43.335,38.338,41.669,38.484,41.349,38.081,38.150,39.489,32.767,32.671,34.678,31.607,33.267,33.545,38.881,33.805,30.999,31.254,27.503,28.693,26.884,29.601,31.405,29.243,27.173,28.965,22.121,23.253,19.265,22.502,19.740,17.524,18.334,21.133,19.978,18.580,17.392,15.670,17.863,15.322,13.483,12.334,14.558,12.489,14.777,11.635,15.871,10.521,6.876,8.700,10.536,33.940,100.383,191.896,244.715,184.586,99.519,36.349,10.771,2.262,2.445,6.075,1.685,4.898,1.617,4.303,1.282,1.754,2.643,-0.152,-0.106,1.707,-0.209,-2.052,0.284,
285,-27.953,-22.591,-20.510,-19.019,-13.696,-14.718,-13.894,-13.923,-10.981,-10.273,-8.655,-8.473,-7.831,-7.752,-7.533,10.867,265.068,859.167,795.061,205.554,15.094,-0.974,-2.093,-2.703,-1.184,0.122,3.802,1.334,4.877,3.633,7.650,21.914,32.787,35.434,25.325,16.115,13.290,13.423,17.874,15.534,13.450,16.353,12.763,23.130,19.449,21.300,21.222,22.039,25.190,21.581,24.318,20.842,26.639,28.878,23.813,24.029,28.653,26.743,24.136,26.461,25.620,26.981,29.110,31.323,30.444,33.464,32.473,31.524,35.255,34.049,30.682,31.435,35.003,37.770,34.294,32.029,36.025,35.499,36.184,36.184,39.545,36.463,38.012,34.965,37.372,35.996,37.999,35.708,43.387,37.956,37.475,39.158,43.852,41.183,37.096,37.544,40.736,37.447,40.072,37.421,36.410,37.804,38.468,39.825,38.192,35.641,36.688,36.781,38.727,37.276,31.227,33.302,33.815,33.832,29.522,32.588,32.254,31.031,27.161,28.888,32.172,26.923,26.671,26.845,27.818,23.879,22.063,23.959,26.042,20.960,23.273,22.113,22.116,18.450,16.799,16.808,15.258,17.126,16.286,14.314,13.935,10.923,12.355,14.905,11.526,11.164,8.832,9.494,10.733,12.755,9.520,10.528,7.170,7.210,4.862,4.605,9.131,25.724,82.107,173.531,240.642,224.444,110.873,39.891,8.260,2.932,1.600,2.073,1.191,2.077,1.975,-2.349,-0.552,-0.735,-0.442,1.481,
290,-27.095,-18.781,-13.852,-12.023,-13.599,-10.208,-10.668,-9.278,-12.263,-8.827,-9.989,-8.759,-8.886,-6.415,-7.097,-6.350,-5.945,-1.323,101.514,633.994,979.451,468.572,62.249,2.194,-0.370,0.222,-2.377,0.270,-0.138,3.062,3.787,4.908,6.409,9.690,19.377,33.787,38.226,30.488,18.433,18.015,19.790,17.478,20.534,22.548,27.987,21.980,25.629,21.150,23.022,26.862,25.446,29.772,23.471,26.804,25.560,32.589,27.458,31.416,26.771,27.386,34.130,31.237,28.138,35.844,36.171,36.952,37.237,32.622,38.074,35.923,34.030,35.544,37.102,34.709,41.698,39.193,38.023,39.099,44.549,39.451,41.408,40.980,38.821,38.039,42.196,43.608,42.287,44.945,44.170,41.396,39.803,40.968,40.788,46.660,37.025,39.989,35.881,37.018,34.277,40.349,38.842,37.071,38.167,35.361,36.514,35.775,32.144,36.215,34.107,34.945,33.267,32.103,34.697,29.484,34.000,32.158,28.498,29.998,30.372,26.700,23.624,28.502,25.746,27.637,25.569,22.415,25.762,22.746,20.436,22.969,21.568,18.187,14.785,15.760,17.881,19.561,16.060,17.299,13.503,11.252,14.745,13.830,16.320,11.184,11.840,7.798,12.532,10.281,8.964,8.971,7.080,7.562,5.621,6.952,9.078,4.278,6.813,7.308,3.506,4.761,3.971,7.320,24.535,91.560,190.240,240.255,196.608,96.434,28.015,6.394,0.694,2.494,1.043,0.567,2.444,0.543,
295,-22.510,-17.136,-16.075,-12.821,-9.760,-11.936,-11.173,-9.745,-8.886,-8.574,-7.773,-7.492,-6.409,-7.502,-6.566,-5.497,-6.257,-4.505,-5.384,-4.088,28.707,277.732,895.689,734.458,194.027,12.391,-0.986,-2.869,0.355,0.813,0.384,-0.126,0.255,2.958,6.093,9.616,12.529,25.880,30.031,37.042,29.092,23.145,18.814,18.496,22.508,25.059,23.842,24.882,24.766,23.166,28.882,29.289,27.737,30.024,30.180,33.124,30.148,34.101,31.377,33.185,33.910,33.564,36.107,34.033,34.309,34.138,40.664,36.220,34.656,38.617,39.237,35.774,42.711,38.128,42.743,33.957,36.496,42.438,37.349,40.288,41.279,39.001,41.873,40.691,41.199,44.336,38.696,40.767,41.962,42.875,40.347,42.285,40.641,40.801,38.721,39.055,39.042,38.025,36.784,39.220,36.227,40.454,40.457,38.223,36.009,34.808,36.768,33.252,36.070,31.053,32.608,34.205,29.149,30.126,30.164,27.787,28.807,27.993,28.594,27.358,26.026,26.588,23.623,23.962,22.563,22.455,22.272,24.977,18.741,21.831,21.682,19.567,14.868,15.593,16.325,14.466,14.930,14.993,15.251,12.723,12.191,14.594,9.609,13.456,9.821,9.957,9.328,9.141,8.592,9.481,10.105,9.736,6.182,5.416,5.200,4.646,7.210,5.708,6.597,5.194,6.873,3.529,3.591,2.972,2.038,1.068,7.656,30.129,87.523,168.525,227.871,181.342,91.550,23.388,4.356,-1.198,
300,-21.453,-17.962,-11.712,-11.364,-10.412,-9.910,-9.813,-7.111,-7.174,-7.470,-6.761,-6.339,-5.564,-4.389,-6.033,-5.033,-4.771,-5.231,-3.802,-4.109,-3.338,-4.069,2.605,78.765,490.069,908.936,472.126,74.571,1.943,-1.154,-2.056,-0.771,-0.164,3.709,6.148,7.513,10.603,9.912,11.723,14.382,19.246,31.282,36.097,36.365,27.012,22.419,21.625,25.420,22.247,25.742,27.408,28.636,28.990,30.451,30.149,29.167,32.447,31.743,32.694,34.514,34.687,33.244,35.467,36.146,33.122,38.240,38.131,36.576,38.406,37.614,38.535,37.691,42.979,42.587,40.690,40.451,40.847,40.764,41.103,42.316,43.686,40.848,40.173,47.283,44.311,42.715,41.597,41.947,38.720,38.505,42.347,41.594,39.468,40.133,38.570,39.624,37.769,38.785,35.852,38.005,35.994,37.542,39.718,37.878,37.260,36.369,34.377,33.321,33.140,33.916,32.988,29.575,27.754,29.872,30.919,28.258,26.880,24.934,28.158,25.809,25.560,25.986,21.647,25.863,22.728,21.319,18.949,21.820,20.659,20.523,20.956,18.392,16.717,17.399,15.774,16.005,14.470,13.850,13.621,13.318,14.765,11.878,11.525,11.593,13.027,11.728,8.790,8.332,7.226,8.294,8.013,7.794,10.051,6.924,8.029,5.612,6.381,5.121,5.261,3.097,5.165,3.600,4.043,2.525,3.370,4.908,0.314,3.083,1.794,0.627,0.128,5.393,17.125,77.288,157.445,228.571,
305,-15.710,-13.938,-12.263,-10.961,-9.298,-9.580,-9.112,-8.900,-8.011,-7.135,-7.119,-6.850,-6.558,-5.114,-5.560,-4.065,-4.645,-5.053,-4.720,-3.947,-3.168,-3.870,-3.180,-3.641,-3.416,20.232,268.891,779.231,690.568,185.916,13.945,0.475,1.441,2.558,3.088,4.178,10.120,9.295,7.737,9.832,12.725,12.896,16.750,26.297,34.484,39.406,34.146,25.010,23.828,24.383,25.505,29.351,24.863,29.027,30.507,30.031,27.910,29.047,31.473,29.939,31.965,33.008,34.684,37.047,35.808,37.669,36.989,41.602,37.533,42.413,35.499,42.463,40.167,37.560,38.805,40.464,43.327,40.785,40.824,42.239,44.176,46.015,41.051,41.917,44.390,43.111,43.951,39.157,41.391,42.497,44.188,41.312,44.060,41.491,38.758,39.114,40.047,40.630,42.189,38.930,35.402,39.060,36.640,37.146,36.828,37.178,34.675,36.241,31.286,32.472,31.622,27.570,32.608,27.365,28.778,28.527,26.868,27.073,25.039,25.474,25.372,24.815,24.961,24.098,21.357,19.213,18.891,20.099,20.321,18.618,20.680,18.525,17.394,15.226,13.510,12.849,16.461,13.451,15.230,11.778,12.712,12.797,14.043,10.755,9.628,9.415,11.494,8.266,7.896,7.441,6.827,9.924,6.694,6.634,7.869,4.605,6.968,4.786,5.083,4.828,4.779,3.606,3.710,2.055,2.594,1.395,2.451,2.301,2.570,2.063,0.487,0.467,0.470,0.971,0.570,0.996,
310,-15.422,-13.127,-10.082,-8.797,-7.033,-6.337,-8.245,-7.143,-6.033,-5.580,-5.268,-5.468,-4.622,-4.404,-4.594,-3.259,-3.755,-3.552,-3.301,-3.216,-3.841,-2.968,-2.516,-3.254,-2.146,-3.153,-2.208,1.173,88.129,462.375,798.296,377.039,63.910,2.450,1.648,5.622,7.810,7.487,7.477,8.774,10.246,10.219,12.745,12.119,15.283,17.772,23.487,26.346,32.296,33.271,23.771,21.835,21.513,25.161,25.440,26.932,25.071,30.091,32.404,29.575,33.112,32.097,35.887,34.115,37.361,37.358,35.334,38.074,37.033,43.080,38.350,39.393,43.460,42.913,40.629,45.047,39.038,46.185,44.540,43.452,47.326,43.967,47.207,45.905,46.464,45.650,44.708,43.240,43.869,43.062,42.911,41.056,42.091,42.398,43.814,40.294,42.544,41.205,38.938,40.883,42.625,34.555,36.092,34.177,37.457,33.245,33.983,32.080,32.229,32.569,30.982,31.630,30.668,31.575,27.285,29.695,24.098,28.618,25.366,25.663,20.367,22.959,25.870,23.097,20.559,19.782,20.783,19.749,19.109,17.846,17.473,18.092,17.466,17.628,14.553,14.861,15.318,14.417,14.266,11.268,9.673,11.354,12.041,11.888,11.665,12.676,9.330,9.776,8.326,7.339,7.799,5.873,7.806,6.882,5.041,5.984,4.494,3.532,2.952,4.432,4.683,2.573,3.524,3.616,2.233,3.272,1.119,2.627,3.743,4.044,0.364,1.416,1.446,-0.292,2.046,-0.217,
315,-13.895,-11.355,-8.291,-6.727,-6.668,-7.442,-5.377,-5.544,-5.255,-4.813,-3.570,-3.588,-3.179,-3.203,-3.921,-3.868,-3.002,-3.358,-3.484,-3.127,-2.701,-2.402,-2.363,-2.889,-3.446,-2.752,-2.814,-2.350,-2.140,-1.546,10.137,194.564,610.979,676.753,195.377,21.129,5.323,5.009,6.459,5.928,6.923,8.567,8.827,10.386,10.349,12.497,15.123,12.913,17.103,22.294,27.756,31.290,30.808,24.450,24.304,22.031,26.770,25.762,30.201,29.304,30.681,32.448,30.849,33.693,32.293,36.872,37.774,39.885,39.072,37.604,38.755,42.738,40.566,38.747,41.948,44.308,43.201,41.929,45.694,42.667,43.426,45.028,45.611,46.846,43.959,45.502,44.148,48.105,44.475,41.500,39.745,44.538,43.620,43.069,38.516,40.532,38.834,37.411,40.853,36.704,35.841,38.182,35.468,35.367,34.703,33.040,33.731,35.859,33.352,31.758,30.152,30.284,27.921,29.247,26.703,24.790,25.931,25.332,26.597,24.571,23.740,23.159,23.334,19.639,21.745,20.568,21.534,18.670,18.591,17.457,17.712,17.176,15.464,15.701,14.992,14.087,15.592,14.474,13.583,12.924,13.316,11.027,11.677,10.191,10.669,8.695,10.674,10.542,9.335,6.399,8.188,8.423,6.547,4.637,6.164,5.823,3.733,4.151,5.775,3.409,3.780,2.956,4.571,4.324,1.772,2.787,3.054,2.631,2.395,2.566,1.717,2.851,1.326,0.593,1.131,1.392,
320,-11.752,-9.016,-8.254,-7.081,-6.620,-6.259,-5.570,-4.593,-4.084,-4.431,-4.374,-3.961,-3.477,-4.001,-3.630,-3.691,-3.611,-3.437,-2.925,-3.265,-2.685,-2.552,-2.275,-2.454,-2.503,-2.077,-2.602,-2.604,-1.881,-2.273,-1.466,-1.821,1.593,61.664,413.776,712.034,362.710,48.933,5.701,3.781,3.771,3.733,5.233,6.461,5.753,7.506,9.175,8.274,10.868,10.757,12.666,17.092,19.383,23.426,28.194,29.780,28.940,26.966,24.426,25.427,27.453,28.548,26.775,31.208,34.246,33.356,34.033,34.806,35.427,38.628,36.865,37.815,37.400,36.767,42.192,41.972,44.884,41.616,44.894,41.082,43.647,41.023,44.412,44.905,44.944,43.180,41.592,42.536,42.003,42.834,44.433,43.988,42.501,39.738,42.395,42.111,40.134,41.644,36.760,39.698,38.595,39.351,37.632,36.097,35.520,32.716,34.007,35.327,32.667,31.409,29.498,31.435,31.458,27.986,26.665,29.108,25.355,25.742,24.311,25.422,25.986,23.502,23.059,20.990,19.055,21.037,18.873,19.151,19.039,17.218,16.387,16.995,14.211,16.347,15.798,15.134,12.680,11.760,12.032,10.879,11.826,11.091,10.870,10.284,8.100,10.562,9.000,10.057,8.204,6.463,6.137,6.546,8.149,6.158,5.239,5.824,4.653,4.797,4.718,3.932,4.968,4.452,3.135,3.490,2.313,2.805,3.075,1.370,0.771,1.100,1.010,1.049,1.894,1.080,0.884,2.002,
325,-11.356,-7.955,-7.520,-6.046,-4.442,-3.977,-4.589,-4.012,-3.580,-3.505,-3.433,-4.118,-3.170,-3.317,-2.850,-3.034,-3.059,-2.776,-2.515,-2.366,-2.565,-2.679,-2.056,-2.366,-1.958,-1.633,-2.195,-1.873,-2.175,-1.051,-1.727,-1.499,-1.029,-1.336,-1.221,8.012,149.154,567.335,579.980,167.924,14.063,1.263,1.710,1.965,2.901,3.313,3.976,5.558,4.855,6.148,7.599,8.897,10.626,12.207,15.540,18.450,21.537,25.958,28.943,28.230,26.034,25.066,25.090,27.429,27.160,30.970,29.416,35.451,32.513,35.273,35.201,36.188,36.573,37.223,37.342,38.621,37.355,41.375,41.144,41.639,40.066,41.253,42.527,42.563,38.980,39.769,44.334,41.903,40.843,41.435,44.619,40.875,38.926,41.863,41.255,41.438,41.184,38.839,37.799,37.642,40.498,39.027,36.026,34.955,35.198,35.415,34.070,33.272,32.712,34.188,29.927,30.556,31.288,28.149,28.410,28.701,25.389,26.147,26.680,24.656,24.417,22.001,22.639,21.419,18.798,20.336,19.097,16.596,18.647,18.851,16.834,15.405,15.498,16.047,13.870,13.745,12.085,11.438,13.796,11.798,13.133,10.350,11.785,11.026,10.630,10.411,9.023,6.980,8.661,6.898,8.533,7.590,8.674,6.155,6.081,4.786,5.351,5.944,5.240,2.443,3.889,5.255,2.892,3.957,2.592,2.505,2.763,4.110,2.117,2.961,1.903,2.260,2.306,0.154,0.517,0.963,
330,-10.089,-7.049,-6.654,-5.733,-5.114,-5.346,-3.686,-4.189,-3.879,-3.951,-3.826,-3.413,-3.051,-3.165,-2.745,-2.531,-2.792,-2.680,-2.583,-2.460,-1.872,-2.172,-2.142,-2.191,-2.211,-1.746,-1.682,-1.549,-1.858,-1.825,-1.669,-1.906,-1.526,-1.925,-1.124,-1.213,-1.153,0.816,41.394,326.216,637.825,348.639,47.673,3.032,0.651,1.439,1.672,2.895,3.397,4.745,5.640,7.253,8.031,9.544,11.260,11.629,12.921,15.376,16.913,22.923,25.569,30.602,31.012,28.148,26.367,25.777,28.208,29.576,27.454,31.446,32.409,34.318,33.916,36.089,35.731,34.167,37.917,38.948,39.772,36.868,36.688,40.251,41.864,41.936,42.023,40.010,40.783,41.656,41.510,40.395,41.254,41.615,42.239,41.959,38.798,39.779,40.199,42.362,38.574,36.363,35.594,35.476,36.929,35.842,34.484,35.184,33.159,36.178,30.706,32.338,29.372,28.734,31.825,28.005,28.970,25.906,29.147,23.862,25.324,24.826,21.905,23.494,20.928,21.057,21.833,20.173,18.386,18.561,17.788,18.070,16.380,14.975,14.869,16.403,14.636,13.879,12.441,15.784,12.189,12.468,11.293,12.039,9.353,9.862,9.540,9.627,8.699,9.026,7.214,5.812,6.402,6.145,6.813,5.763,6.974,5.091,6.182,6.244,5.786,4.544,5.072,3.745,4.753,3.815,4.208,2.490,2.365,2.603,2.338,1.699,1.444,0.911,1.092,1.788,1.547,1.136,
335,-8.752,-7.458,-5.380,-5.208,-4.722,-4.877,-3.455,-3.544,-4.268,-3.133,-2.962,-2.846,-2.451,-3.230,-2.630,-2.584,-2.394,-2.271,-2.156,-2.146,-1.961,-1.692,-2.017,-1.774,-1.806,-1.865,-1.832,-1.725,-1.697,-1.546,-1.802,-1.440,-1.405,-1.182,-1.323,-0.912,-1.126,-0.908,-0.939,-0.954,13.336,155.878,524.270,487.063,128.793,7.010,1.733,1.517,1.569,2.728,3.147,4.428,6.466,6.782,7.311,10.649,11.194,12.252,13.161,14.762,17.143,19.530,23.085,27.617,31.005,30.746,28.371,28.026,28.816,27.577,29.256,31.157,30.730,33.168,34.128,35.723,34.420,35.774,39.045,37.064,36.251,37.023,42.070,39.117,38.414,40.507,40.761,40.176,40.366,37.555,39.044,37.751,39.769,40.964,41.066,39.449,37.406,36.937,37.313,37.265,37.542,38.362,36.394,32.891,35.617,33.608,32.583,33.027,31.801,29.339,29.287,28.650,31.033,28.677,29.120,25.991,25.989,25.122,23.591,22.759,22.512,22.928,22.226,20.345,21.266,18.913,19.118,19.021,16.297,16.117,16.593,15.490,15.862,14.767,14.554,12.841,12.730,13.313,11.837,11.649,10.696,12.120,9.672,9.866,9.859,9.977,9.330,8.314,7.189,8.457,7.599,7.781,7.247,5.961,6.504,4.588,5.355,5.606,4.316,5.172,4.737,3.731,3.722,4.456,4.594,3.819,2.868,2.790,2.612,3.245,3.281,0.848,1.794,1.911,2.289,1.680,
340,-8.102,-6.473,-5.338,-4.691,-3.923,-3.979,-3.671,-2.879,-3.510,-3.315,-3.267,-2.618,-2.173,-2.216,-2.093,-2.185,-1.770,-2.264,-2.141,-1.816,-1.707,-2.119,-1.138,-1.640,-1.366,-1.746,-1.582,-1.791,-1.554,-1.849,-1.197,-1.271,-1.341,-1.182,-1.081,-1.161,-0.932,-1.239,-0.841,-0.873,-0.985,-0.671,0.613,43.443,291.238,555.831,294.175,40.812,2.564,2.214,2.199,3.480,3.413,5.108,6.497,6.923,7.849,8.546,10.332,11.600,13.002,15.391,15.891,17.171,21.003,24.123,27.061,31.931,29.924,28.384,28.982,28.301,30.501,30.117,28.737,30.362,33.495,33.909,32.439,35.266,35.665,35.847,36.479,37.516,37.050,38.070,38.971,36.363,37.934,37.831,38.226,38.196,35.970,37.549,37.502,36.856,38.035,37.791,36.071,35.958,34.623,36.035,35.874,34.895,32.313,32.378,31.696,33.160,32.776,31.085,31.472,29.573,28.369,26.495,24.962,26.490,25.256,26.224,24.355,23.345,22.580,21.238,22.660,22.532,20.710,21.882,18.074,18.976,18.051,16.868,16.824,15.501,15.713,12.974,14.041,14.911,13.373,12.871,10.813,12.479,10.645,10.494,10.753,7.408,9.014,7.795,7.624,8.775,7.069,8.381,7.693,6.930,7.150,5.059,6.009,6.192,5.604,4.079,4.701,4.313,5.038,3.591,3.782,3.660,3.111,4.360,3.973,2.324,3.264,1.579,1.932,0.369,1.644,1.853,1.906,1.365,
345,-5.199,-4.804,-5.260,-3.952,-3.524,-3.883,-3.391,-3.178,-2.875,-2.865,-3.113,-2.211,-2.020,-2.174,-2.156,-2.099,-2.092,-1.831,-2.066,-1.341,-2.148,-1.725,-1.717,-1.724,-1.165,-1.608,-1.862,-0.998,-1.571,-1.567,-1.483,-1.398,-1.458,-1.364,-1.221,-0.941,-1.102,-1.178,-1.049,-0.921,-1.192,-0.957,-0.626,-0.927,-0.252,13.166,140.754,466.406,421.868,101.128,6.623,1.981,3.045,2.970,4.674,4.932,5.960,7.218,7.708,9.111,11.233,11.887,11.881,14.021,15.638,17.359,19.653,18.928,23.575,25.319,28.290,31.178,26.554,25.802,28.087,29.805,29.372,29.575,30.598,30.991,32.964,35.652,35.211,34.504,33.646,34.075,37.232,34.992,35.605,35.115,37.625,35.105,35.821,35.505,35.074,36.498,34.457,37.641,35.426,34.166,36.321,33.116,34.769,33.416,35.300,30.976,31.437,31.766,30.609,28.428,27.055,28.795,29.012,27.570,26.133,25.404,26.388,24.525,22.745,22.737,22.546,19.570,21.147,20.392,19.260,18.803,18.793,17.590,18.735,16.148,15.940,15.432,13.662,15.504,13.866,12.705,12.013,12.892,14.189,12.337,11.134,10.970,9.836,11.259,10.045,8.775,8.994,10.121,9.860,8.064,7.654,6.072,6.935,6.896,5.061,5.570,4.938,5.386,5.305,5.254,4.921,4.128,3.891,3.466,3.111,3.865,2.278,2.415,3.124,3.143,2.144,2.749,1.670,2.212,1.870,1.191,
350,-6.802,-5.607,-3.883,-3.873,-3.867,-2.765,-2.594,-2.984,-2.965,-2.205,-2.029,-1.999,-1.906,-2.291,-2.221,-2.172,-1.616,-1.911,-1.806,-1.488,-1.119,-1.748,-1.478,-1.538,-1.384,-1.180,-1.376,-1.768,-1.331,-1.445,-1.592,-1.426,-1.281,-0.612,-0.998,-1.164,-1.250,-1.328,-0.978,-0.875,-1.157,-0.895,-0.648,-1.044,-0.517,-0.930,-0.862,1.579,63.779,347.750,506.044,198.803,22.045,3.129,2.830,3.616,3.178,4.917,5.469,6.681,7.058,8.020,8.791,10.992,12.594,13.590,14.820,15.070,16.127,17.387,19.629,20.873,23.560,27.391,28.794,28.052,26.688,25.929,27.063,29.797,29.625,32.238,31.844,30.143,31.313,32.740,33.468,32.339,33.146,33.909,33.060,32.240,37.763,34.206,32.955,34.448,32.807,33.062,33.166,33.805,32.896,32.201,32.320,30.206,33.202,33.352,30.237,31.018,29.000,28.926,28.283,26.978,27.438,26.739,25.507,24.526,25.252,23.796,23.577,23.127,23.621,21.090,20.017,21.145,20.033,19.630,19.383,17.914,17.990,17.193,16.836,16.221,15.115,14.968,13.391,14.165,13.192,11.689,12.330,12.138,10.154,11.170,10.398,10.511,8.537,8.128,9.272,8.603,7.770,6.764,7.355,7.484,6.653,7.274,6.622,5.718,6.320,6.412,4.103,3.969,4.744,4.236,3.882,3.280,3.284,2.921,3.089,3.326,3.424,2.519,1.819,1.884,1.760,0.849,0.725,1.363,
355,-5.430,-4.076,-3.758,-3.519,-3.356,-3.025,-3.072,-2.773,-3.153,-2.658,-2.574,-2.628,-2.120,-2.121,-1.998,-1.754,-1.814,-1.646,-1.908,-1.650,-1.511,-1.473,-1.266,-1.492,-1.127,-1.308,-1.047,-1.325,-1.332,-1.387,-1.293,-1.133,-1.306,-1.140,-1.137,-0.948,-1.124,-0.943,-0.952,-0.632,-0.975,-1.037,-1.106,-1.083,-0.837,-0.841,-0.698,-0.761,-0.567,-0.185,10.629,158.173,452.159,393.513,90.026,6.060,2.031,2.455,2.912,4.341,4.614,5.509,5.900,6.793,7.839,8.888,11.171,10.992,12.144,13.013,14.618,17.217,16.285,17.822,19.694,22.696,28.220,26.561,29.794,26.227,26.224,24.007,26.621,27.839,27.786,27.909,28.831,30.183,29.074,30.513,29.697,31.012,30.029,31.413,30.659,31.323,32.005,32.303,33.162,32.287,30.141,32.315,30.069,29.166,30.994,29.010,29.255,28.259,29.040,28.604,27.790,26.907,26.828,25.240,25.681,24.481,24.030,23.692,24.045,23.382,22.225,21.263,19.918,20.390,18.107,18.329,16.327,17.456,17.381,17.298,15.767,15.302,13.910,14.317,14.654,12.392,13.464,11.993,11.420,11.171,11.440,11.166,9.488,10.264,8.024,8.277,8.867,7.628,8.544,7.679,8.319,6.730,5.374,5.340,6.219,5.871,5.882,4.918,4.745,4.497,4.036,5.138,5.434,4.074,3.890,2.408,3.533,3.000,2.223,3.031,2.481,2.023,1.024,1.552,1.366,2.222,
360,-6.989,-6.005,-3.956,-3.625,-3.189,-2.722,-2.383,-2.493,-2.339,-2.328,-1.854,-1.927,-1.780,-2.015,-1.299,-1.694,-1.674,-1.643,-1.464,-1.563,-1.437,-1.310,-1.385,-1.321,-1.215,-1.253,-1.473,-0.887,-1.291,-1.119,-1.367,-1.140,-0.912,-1.169,-1.050,-1.149,-1.050,-0.820,-0.809,-0.606,-1.071,-0.773,-0.707,-0.529,-0.712,-0.804,-0.819,-0.772,-0.845,-0.274,-0.643,-0.442,2.617,50.515,300.571,457.511,233.424,25.774,2.682,2.528,2.734,3.300,3.874,4.937,5.469,6.879,7.318,9.049,7.467,10.424,10.155,11.671,12.766,13.955,14.656,16.925,19.124,20.514,21.704,23.662,25.123,28.240,24.114,23.481,25.445,25.599,25.457,25.632,25.730,26.698,26.153,28.319,27.570,29.029,28.749,28.275,28.560,27.889,29.090,28.900,29.709,28.372,28.909,29.857,27.669,28.096,27.643,27.059,27.717,26.603,26.665,26.021,24.694,23.417,23.012,22.709,20.697,21.837,23.086,20.957,21.254,20.620,19.940,18.419,18.683,17.700,19.511,17.733,17.315,17.076,15.548,15.631,15.440,12.878,13.624,12.005,12.050,12.859,11.584,10.759,10.144,10.981,9.120,9.915,9.014,8.153,9.384,7.917,7.556,5.638,6.709,7.300,5.523,6.621,5.366,5.795,5.621,5.583,5.566,3.044,4.192,3.552,4.447,4.960,3.424,3.043,3.043,3.820,3.485,2.380,1.878,2.047,1.656,1.479,0.804,1.383,
365,-5.740,-5.144,-4.715,-3.613,-1.749,-2.905,-1.861,-2.784,-2.183,-2.338,-2.037,-2.162,-2.080,-1.680,-1.596,-1.539,-1.378,-1.782,-1.611,-1.002,-1.198,-1.031,-1.512,-1.226,-1.246,-1.310,-1.262,-1.196,-1.338,-0.992,-1.067,-0.811,-1.013,-0.994,-0.933,-0.989,-1.120,-1.097,-0.888,-0.869,-0.932,-0.861,-0.787,-0.852,-0.924,-0.776,-0.720,-0.755,-0.810,-0.544,-0.807,-0.705,-0.631,-0.253,0.279,16.620,117.636,403.780,367.861,90.722,5.842,2.278,2.303,3.154,3.658,4.023,4.665,5.934,5.813,6.960,8.356,9.291,9.173,10.048,11.624,12.297,13.244,16.103,15.921,17.004,18.831,21.254,23.080,25.335,24.453,24.623,22.936,22.502,21.862,24.079,23.451,25.149,26.156,25.014,26.347,26.242,26.232,25.053,26.616,27.322,25.731,26.843,26.810,26.748,26.779,27.074,25.597,26.279,25.716,25.416,24.244,24.956,23.558,23.093,22.485,22.696,21.075,22.385,21.590,20.042,21.132,20.327,18.701,18.289,17.541,17.522,16.928,15.970,14.764,13.841,14.203,14.015,15.236,12.767,13.415,12.152,12.054,11.056,10.633,11.294,9.843,9.859,9.933,9.567,8.960,9.114,7.883,8.284,7.310,6.984,6.944,7.576,5.811,5.081,5.418,5.013,5.156,4.641,3.882,4.436,4.411,3.081,4.061,3.702,3.864,3.021,2.268,2.470,3.064,2.861,2.713,2.280,0.954,1.602,0.771,1.247,
370,-5.227,-4.686,-3.670,-3.151,-2.634,-2.945,-2.523,-2.217,-2.408,-2.194,-2.309,-1.861,-1.512,-1.703,-1.981,-1.290,-1.541,-1.522,-1.306,-1.499,-1.249,-1.193,-1.341,-1.368,-1.366,-0.764,-1.197,-0.935,-1.308,-1.214,-1.078,-1.097,-0.961,-1.117,-0.898,-0.886,-0.830,-0.916,-0.805,-0.917,-0.865,-0.909,-0.857,-0.896,-1.000,-0.680,-0.526,-0.646,-0.490,-0.720,-0.837,-0.631,-0.662,-0.456,-0.427,-0.544,-0.487,1.716,38.334,235.206,422.854,225.757,33.445,2.443,1.716,2.014,2.206,3.630,3.670,4.573,5.880,6.425,6.757,7.498,8.332,9.883,10.652,10.792,12.559,13.305,14.976,15.431,17.144,16.108,18.434,21.067,21.225,24.028,21.338,22.462,22.326,21.156,22.452,23.739,21.877,23.090,22.481,24.066,24.078,24.578,23.553,24.614,24.996,24.661,24.542,25.531,24.065,24.591,24.207,23.309,22.885,21.202,22.572,21.793,21.652,20.792,21.239,20.833,19.479,19.452,19.745,18.657,20.130,17.665,17.760,16.688,15.404,16.318,15.712,14.993,14.696,14.277,13.837,13.478,11.687,11.997,12.732,10.616,10.365,9.737,10.177,10.962,8.417,8.655,9.683,9.433,8.213,7.980,7.193,8.252,6.990,7.019,5.571,5.516,5.856,5.868,4.738,5.101,4.343,3.710,4.777,3.481,3.655,3.048,3.067,3.752,3.743,3.831,2.367,2.014,3.221,1.947,2.186,2.986,1.389,2.016,
375,-5.520,-4.583,-3.105,-2.851,-2.072,-2.403,-2.814,-2.086,-2.348,-2.132,-1.618,-1.665,-1.420,-1.375,-1.777,-1.447,-1.554,-1.440,-1.273,-1.368,-1.361,-1.458,-1.263,-1.183,-0.727,-1.173,-1.182,-1.129,-1.208,-1.058,-0.836,-0.967,-0.882,-0.935,-1.045,-0.801,-0.940,-0.814,-0.694,-0.862,-0.743,-0.818,-0.856,-0.725,-0.810,-0.848,-0.661,-0.825,-0.763,-0.648,-0.773,-0.519,-0.742,-0.724,-0.593,-0.532,-0.638,-0.257,-0.366,0.016,15.352,122.385,356.681,319.451,77.948,5.858,1.668,1.910,2.605,3.017,3.843,4.051,5.507,5.312,6.359,7.374,8.391,8.212,9.429,9.596,10.859,12.472,13.061,13.561,14.161,14.960,17.152,18.231,18.051,21.913,21.503,21.316,20.804,20.072,21.129,22.311,21.018,22.141,21.565,23.167,21.407,22.471,23.295,21.504,21.793,22.791,22.070,22.166,22.042,21.624,22.016,20.954,21.586,21.200,19.507,19.545,19.482,19.899,20.688,18.518,18.489,16.588,17.765,16.783,15.890,16.645,15.984,15.883,14.316,14.665,14.895,13.576,13.705,12.368,11.914,11.649,11.218,10.886,10.651,10.512,10.267,9.328,9.143,8.065,9.294,8.180,7.958,8.231,7.539,6.803,6.211,5.494,6.577,5.518,5.119,5.482,4.828,4.802,4.537,5.195,5.067,3.290,3.272,3.275,3.122,3.202,2.867,3.046,2.895,2.588,1.750,1.423,1.959,2.289,1.610,1.341,
380,-5.539,-4.511,-2.590,-2.825,-1.814,-2.670,-2.729,-2.479,-1.998,-1.752,-1.962,-1.590,-1.429,-1.667,-1.524,-1.482,-1.427,-1.255,-1.240,-1.274,-1.411,-1.372,-0.910,-1.211,-1.159,-1.131,-0.986,-0.929,-0.826,-1.143,-1.067,-1.091,-0.884,-0.978,-1.019,-0.833,-1.006,-0.884,-0.880,-0.750,-0.858,-0.923,-0.519,-0.930,-0.830,-0.834,-0.900,-0.715,-0.821,-0.717,-0.845,-0.713,-0.627,-0.693,-0.773,-0.498,-0.640,-0.359,-0.674,-0.443,-0.514,-0.215,1.347,49.878,237.891,392.893,187.715,25.999,2.178,1.643,2.413,2.857,3.199,3.349,4.026,4.043,5.016,6.185,6.618,7.844,8.034,8.318,8.985,10.219,11.088,12.104,12.576,13.973,14.458,14.095,15.109,17.837,17.885,20.209,19.725,18.323,18.719,18.071,18.942,19.334,19.177,18.050,20.210,19.379,20.702,19.722,19.162,18.888,18.512,19.354,18.970,19.019,19.523,18.876,19.336,17.647,17.254,18.010,16.924,17.185,17.390,17.093,15.650,13.960,14.415,13.222,13.901,13.513,13.482,12.703,11.521,12.831,10.644,12.166,11.536,10.924,11.527,9.916,10.966,10.487,9.096,8.868,9.478,7.997,7.745,7.494,7.515,7.426,7.807,5.901,6.512,6.509,5.947,5.037,5.866,4.166,3.678,3.742,4.057,3.920,4.756,3.451,2.919,3.739,3.995,2.917,2.469,1.957,2.935,1.816,1.713,2.201,2.674,1.826,0.942,1.002,
385,-5.125,-4.069,-3.447,-3.162,-2.844,-1.915,-2.442,-2.345,-1.564,-1.988,-1.876,-1.796,-1.801,-1.783,-1.687,-1.166,-0.940,-1.216,-1.138,-1.180,-1.134,-1.269,-1.419,-0.995,-1.209,-0.907,-1.098,-0.883,-1.123,-1.128,-0.933,-0.940,-0.825,-0.954,-0.753,-0.923,-0.932,-0.945,-0.890,-0.872,-0.792,-0.925,-0.675,-0.703,-0.875,-0.822,-0.862,-0.676,-0.749,-0.633,-0.608,-0.781,-0.615,-0.549,-0.670,-0.538,-0.480,-0.450,-0.549,-0.664,-0.463,-0.411,-0.412,-0.405,-0.092,7.485,105.013,327.656,329.047,92.847,8.860,1.567,1.865,2.374,2.497,3.090,3.119,4.261,5.464,5.244,5.757,6.446,7.366,7.110,7.893,8.643,9.345,9.491,11.430,11.302,10.877,11.936,13.557,14.044,14.516,16.045,16.893,17.638,17.782,18.657,17.078,16.580,15.817,16.012,17.974,17.766,16.472,18.011,18.020,16.088,16.924,16.980,16.539,16.430,16.694,16.571,17.279,15.621,14.951,15.554,14.357,14.579,15.781,14.079,14.362,12.140,13.201,12.000,12.728,11.623,10.227,11.849,11.155,10.683,10.473,10.226,9.640,9.782,9.042,8.334,8.466,7.079,7.651,8.372,7.819,7.622,7.088,6.222,6.557,6.230,4.862,5.213,5.011,4.975,4.822,4.266,4.179,4.280,3.264,3.559,3.386,3.683,2.981,3.324,2.470,2.295,2.590,2.934,2.545,2.312,2.630,1.941,2.475,2.057,0.792,1.532,
390,-4.573,-3.716,-3.267,-2.744,-2.379,-2.269,-2.286,-2.122,-1.729,-1.934,-1.825,-1.681,-1.429,-1.530,-1.217,-1.595,-1.121,-1.340,-1.023,-1.014,-1.388,-0.824,-1.195,-1.083,-0.943,-1.068,-0.924,-0.987,-1.057,-0.969,-0.683,-0.917,-0.780,-0.852,-0.880,-0.835,-0.792,-0.718,-0.852,-0.648,-0.583,-0.732,-0.588,-0.712,-0.485,-0.803,-0.739,-0.703,-0.820,-0.582,-0.637,-0.483,-0.613,-0.527,-0.711,-0.592,-0.474,-0.567,-0.611,-0.554,-0.488,-0.476,-0.283,-0.405,-0.234,-0.335,-0.344,1.804,38.906,234.572,396.460,195.540,22.697,1.575,1.095,1.835,1.982,2.576,2.860,3.406,3.773,4.452,5.281,5.816,5.757,6.272,7.412,7.749,8.272,8.651,8.974,9.138,10.040,10.278,10.942,11.993,12.143,13.244,14.429,15.751,14.480,16.493,14.882,15.420,15.151,15.323,14.747,13.709,13.685,14.205,14.834,14.035,13.777,14.290,14.506,14.561,14.678,12.966,14.285,13.351,12.763,13.063,11.488,11.320,12.706,12.387,11.443,11.746,10.743,10.331,10.813,10.800,10.102,9.718,9.399,9.909,9.171,8.923,7.575,8.369,8.312,7.818,7.504,6.813,7.553,6.401,6.329,6.682,5.532,5.590,5.533,5.470,4.853,4.307,4.218,3.896,3.655,4.274,2.752,3.733,3.192,2.701,3.224,3.157,2.890,2.979,2.175,1.927,1.930,1.945,1.919,0.982,1.280,1.523,1.241,0.738,
395,-4.343,-3.520,-2.765,-2.403,-2.034,-2.456,-1.956,-1.815,-1.431,-1.549,-1.469,-1.667,-1.303,-1.489,-1.184,-1.346,-1.087,-1.228,-1.316,-0.898,-1.083,-1.057,-0.960,-0.701,-1.016,-0.922,-0.968,-1.061,-0.949,-0.866,-0.704,-0.799,-0.794,-0.887,-0.835,-0.854,-0.709,-0.666,-0.788,-0.685,-0.724,-0.712,-0.619,-0.644,-0.518,-0.658,-0.513,-0.623,-0.668,-0.647,-0.632,-0.574,-0.575,-0.670,-0.347,-0.532,-0.456,-0.684,-0.596,-0.453,-0.478,-0.410,-0.584,-0.526,-0.447,-0.424,-0.335,-0.265,-0.259,0.003,9.558,102.178,327.608,302.548,76.103,4.300,1.245,1.413,2.061,1.747,2.397,3.111,3.222,3.136,4.075,4.762,5.840,4.929,5.292,6.530,6.551,6.773,7.340,7.781,8.527,8.924,9.191,9.850,9.499,10.165,10.593,11.510,12.230,13.582,12.828,13.052,12.182,12.972,12.901,11.952,12.205,12.224,12.108,12.144,11.880,12.342,11.644,12.136,11.136,10.890,11.031,11.117,11.029,10.595,10.482,9.840,10.366,9.992,9.478,9.659,9.092,7.844,9.535,8.016,9.165,8.431,7.845,7.434,7.552,7.338,6.760,6.622,5.600,6.205,5.777,5.960,5.374,5.363,5.279,4.906,5.253,4.836,4.535,3.835,4.391,3.223,3.746,3.962,3.334,2.864,2.972,2.715,2.749,1.842,2.736,2.299,2.798,2.239,1.944,1.692,1.216,1.480,1.331,1.390,1.239,1.345,
400,-3.667,-2.998,-2.881,-2.412,-1.831,-1.825,-2.148,-1.934,-1.950,-1.521,-1.386,-1.668,-1.539,-1.278,-1.287,-1.323,-1.027,-1.035,-0.995,-0.850,-1.019,-0.851,-0.693,-0.906,-0.974,-0.742,-0.884,-0.856,-0.947,-0.817,-0.754,-0.860,-0.535,-0.852,-0.767,-0.637,-0.813,-0.495,-0.449,-0.738,-0.629,-0.740,-0.681,-0.664,-0.621,-0.511,-0.583,-0.713,-0.495,-0.800,-0.625,-0.508,-0.609,-0.560,-0.373,-0.563,-0.322,-0.645,-0.554,-0.487,-0.280,-0.596,-0.369,-0.481,-0.553,-0.504,-0.407,-0.497,-0.299,-0.295,-0.311,-0.149,1.397,29.517,192.826,350.075,185.594,24.198,1.409,1.383,1.418,1.556,1.847,2.331,2.680,3.017,3.453,3.773,4.353,4.335,4.431,5.045,5.536,6.192,6.496,7.041,7.436,7.979,7.490,7.865,8.505,8.827,8.932,9.517,10.082,10.554,11.298,10.938,11.013,10.262,10.673,9.296,10.663,9.701,10.886,9.396,10.626,10.029,9.428,10.025,9.052,9.971,9.295,8.945,9.277,9.203,8.370,8.311,8.807,8.278,8.754,8.066,7.715,8.014,6.632,7.441,7.417,6.545,6.229,5.713,5.951,6.002,5.482,5.647,5.687,5.057,4.952,4.724,4.409,4.330,3.906,4.477,4.191,3.792,3.374,3.014,3.395,3.100,2.798,2.736,2.705,2.275,2.494,2.276,1.822,1.764,1.823,1.535,1.517,1.667,1.512,1.362,1.779,1.029,1.351,0.923,
405,-4.390,-2.454,-2.635,-2.422,-2.475,-2.044,-2.220,-1.461,-1.613,-1.342,-1.403,-1.339,-1.362,-1.297,-1.492,-1.046,-1.230,-1.127,-1.069,-1.223,-1.045,-0.949,-1.005,-1.036,-1.045,-0.995,-0.949,-0.994,-0.769,-0.859,-0.917,-0.894,-0.973,-0.899,-0.610,-0.721,-0.931,-0.671,-0.813,-0.539,-0.713,-0.795,-0.643,-0.673,-0.761,-0.572,-0.494,-0.571,-0.512,-0.520,-0.599,-0.480,-0.539,-0.537,-0.569,-0.643,-0.397,-0.383,-0.641,-0.644,-0.471,-0.275,-0.544,-0.407,-0.422,-0.458,-0.280,-0.328,-0.392,-0.342,-0.467,-0.390,0.036,-0.107,0.365,12.695,110.569,308.096,242.891,56.390,3.343,1.235,1.679,1.208,1.744,2.186,2.338,2.777,3.039,3.168,3.871,4.162,4.192,5.039,5.991,5.335,5.961,5.449,6.483,7.879,7.810,7.301,7.418,7.830,7.998,9.625,8.933,9.368,9.519,10.882,10.593,10.547,9.979,9.854,9.137,10.042,10.104,9.108,9.220,9.346,8.797,8.586,8.514,9.509,7.863,8.562,8.639,8.795,8.439,7.920,8.361,7.082,8.456,7.006,6.391,7.244,7.024,6.462,6.159,6.204,5.888,6.044,5.725,4.837,5.104,4.702,4.802,4.714,4.836,4.498,3.829,3.922,4.229,3.049,3.390,3.653,3.228,2.286,2.840,2.613,2.682,2.226,1.868,2.056,2.597,1.835,1.741,1.538,1.160,1.821,1.103,1.515,1.498,0.756,1.181,1.069,
410,-5.069,-3.561,-2.762,-2.567,-2.492,-2.232,-1.968,-1.934,-1.433,-1.727,-1.288,-1.356,-1.343,-1.445,-1.244,-1.246,-1.380,-1.096,-1.191,-0.860,-0.990,-1.024,-0.898,-1.033,-0.962,-0.904,-0.763,-0.834,-0.826,-1.054,-0.658,-0.753,-0.601,-0.801,-0.559,-0.560,-0.673,-0.581,-0.525,-0.718,-0.569,-0.775,-0.536,-0.589,-0.482,-0.628,-0.476,-0.518,-0.617,-0.598,-0.543,-0.595,-0.571,-0.569,-0.540,-0.457,-0.441,-0.533,-0.463,-0.441,-0.474,-0.544,-0.416,-0.405,-0.336,-0.615,-0.298,-0.421,-0.306,-0.004,-0.495,-0.402,-0.330,-0.469,-0.284,-0.317,-0.219,1.775,47.302,215.384,313.283,126.838,15.298,1.404,1.764,1.159,1.319,2.269,2.148,2.873,2.732,2.698,3.392,4.111,4.073,4.689,5.001,5.589,5.910,6.128,6.315,6.710,7.146,6.802,7.418,8.230,7.645,8.761,8.217,8.773,8.942,10.393,9.814,9.245,10.077,9.798,8.633,9.294,10.510,8.859,9.178,9.016,8.622,7.764,8.044,7.769,7.662,7.017,7.160,7.725,7.932,7.499,7.049,7.627,6.710,6.379,6.184,6.237,6.350,5.333,5.948,6.616,5.671,5.380,5.136,5.652,4.729,4.771,4.478,3.985,3.602,4.287,3.694,4.001,4.043,2.875,2.710,3.218,3.759,3.307,2.737,3.218,2.210,2.737,2.653,2.100,2.160,2.272,1.980,1.556,1.021,1.195,1.460,1.492,1.305,0.936,
415,-4.340,-3.735,-2.643,-2.384,-1.915,-2.106,-1.403,-1.835,-1.973,-1.377,-1.592,-1.527,-1.221,-1.315,-1.076,-1.234,-1.182,-1.085,-0.945,-0.911,-0.972,-1.036,-1.088,-1.094,-0.457,-0.820,-0.989,-0.804,-0.854,-0.671,-0.713,-0.637,-0.625,-0.783,-0.659,-0.785,-0.578,-0.673,-0.363,-0.746,-0.546,-0.586,-0.559,-0.601,-0.499,-0.643,-0.579,-0.470,-0.491,-0.544,-0.396,-0.510,-0.586,-0.507,-0.584,-0.492,-0.393,-0.482,-0.511,-0.515,-0.522,-0.485,-0.357,-0.522,-0.323,-0.559,-0.270,-0.380,-0.286,-0.407,-0.425,-0.310,-0.394,-0.338,-0.254,-0.302,-0.397,-0.046,-0.149,0.266,10.960,111.287,278.613,221.813,48.758,3.739,1.384,1.433,1.386,1.640,2.047,1.889,1.918,2.638,2.692,3.485,4.094,4.110,4.736,4.934,5.731,5.768,5.708,5.983,6.941,5.971,6.205,6.709,7.113,6.759,7.122,7.728,6.365,7.794,8.686,8.320,9.132,9.424,8.304,8.536,8.017,7.662,8.522,8.266,7.628,7.828,7.252,6.907,6.602,6.629,6.742,7.377,7.067,6.326,7.125,6.765,6.654,5.870,5.880,6.127,6.109,5.676,5.833,5.773,4.959,5.391,4.011,4.568,4.179,3.775,3.801,3.546,4.247,3.473,3.334,3.661,3.509,3.360,2.967,3.785,2.613,2.438,2.245,2.497,2.521,1.946,1.592,2.023,1.332,1.574,1.216,1.026,0.936,1.527,0.830,0.898,
420,-3.992,-2.623,-1.965,-2.027,-2.061,-1.873,-1.738,-1.243,-1.744,-1.476,-1.371,-1.050,-1.161,-1.222,-0.957,-1.059,-1.301,-1.057,-1.185,-1.009,-0.934,-0.787,-0.956,-0.795,-0.871,-0.800,-0.729,-0.770,-0.560,-0.499,-0.625,-0.828,-0.748,-0.504,-0.709,-0.489,-0.561,-0.584,-0.723,-0.518,-0.538,-0.592,-0.602,-0.490,-0.508,-0.541,-0.598,-0.467,-0.520,-0.586,-0.529,-0.500,-0.491,-0.559,-0.293,-0.377,-0.507,-0.495,-0.512,-0.454,-0.369,-0.381,-0.402,-0.470,-0.252,-0.256,-0.327,-0.486,-0.546,-0.355,-0.497,-0.473,-0.288,-0.486,-0.284,-0.354,-0.379,-0.425,-0.175,-0.154,0.154,0.078,2.914,52.814,203.667,254.095,90.080,8.080,1.022,1.371,1.212,1.516,1.971,2.034,2.382,3.097,3.033,3.938,3.883,3.704,4.341,4.442,4.598,4.854,5.278,4.945,4.898,5.490,5.821,6.243,5.913,6.631,6.067,7.245,7.019,7.374,7.124,7.674,7.845,8.433,7.754,8.884,8.018,7.690,6.932,6.788,7.309,6.947,6.809,6.923,6.506,5.991,6.012,6.238,5.257,5.299,5.942,5.249,5.139,5.762,5.090,5.171,5.181,5.158,4.773,4.697,4.251,4.771,3.571,2.989,3.643,3.395,3.347,3.492,2.647,2.860,3.247,3.132,2.817,2.605,2.340,3.391,2.025,1.709,1.654,1.487,1.729,1.560,1.176,1.187,1.424,2.070,1.367,0.713,0.904,0.925,
425,-4.361,-3.375,-2.373,-2.469,-2.077,-1.990,-1.946,-1.474,-1.712,-1.576,-1.135,-1.195,-1.086,-0.879,-1.250,-0.796,-0.933,-1.007,-1.077,-0.983,-0.871,-0.790,-1.041,-0.773,-0.753,-0.718,-0.719,-0.685,-0.754,-0.704,-0.567,-0.617,-0.720,-0.643,-0.541,-0.553,-0.597,-0.522,-0.348,-0.524,-0.508,-0.584,-0.445,-0.529,-0.510,-0.655,-0.530,-0.522,-0.650,-0.519,-0.384,-0.391,-0.520,-0.473,-0.448,-0.365,-0.494,-0.299,-0.597,-0.467,-0.317,-0.397,-0.284,-0.457,-0.475,-0.311,-0.333,-0.359,-0.223,-0.427,-0.501,-0.347,-0.263,-0.371,-0.516,-0.332,-0.415,-0.462,-0.405,-0.257,-0.098,-0.387,0.013,-0.067,0.523,13.562,97.121,226.797,167.597,31.503,2.543,0.965,1.273,1.238,1.441,1.884,2.277,2.108,2.596,2.428,2.835,3.389,4.066,4.141,3.518,3.998,4.250,4.266,5.404,4.720,5.441,5.248,5.157,5.424,5.828,5.663,5.817,6.081,4.998,6.437,5.894,6.269,7.442,7.542,7.443,7.008,6.267,6.345,5.784,6.562,5.902,5.013,5.404,5.103,5.072,4.792,4.507,4.814,4.654,4.364,5.913,4.875,4.691,3.767,3.760,4.599,3.290,3.278,3.339,3.668,3.242,3.429,2.594,3.152,3.109,2.799,2.255,2.531,2.342,1.687,1.452,2.139,1.694,1.951,1.465,1.534,2.311,1.327,1.729,0.534,0.997,1.292,1.654,0.959,0.743,0.881,
430,-3.197,-1.578,-2.456,-1.989,-1.960,-1.806,-1.312,-1.778,-1.672,-1.294,-0.927,-0.919,-1.079,-0.883,-1.064,-0.784,-0.737,-0.898,-0.832,-0.895,-0.886,-0.907,-0.909,-0.833,-0.612,-0.831,-0.741,-0.522,-0.715,-0.587,-0.556,-0.570,-0.589,-0.623,-0.589,-0.672,-0.656,-0.555,-0.420,-0.534,-0.472,-0.376,-0.536,-0.395,-0.417,-0.530,-0.426,-0.604,-0.474,-0.493,-0.509,-0.386,-0.317,-0.324,-0.482,-0.367,-0.453,-0.405,-0.281,-0.465,-0.384,-0.443,-0.434,-0.445,-0.492,-0.343,-0.313,-0.294,-0.441,-0.438,-0.521,-0.239,-0.330,-0.325,-0.468,-0.278,-0.136,-0.211,-0.336,-0.375,-0.071,-0.406,-0.150,-0.305,-0.037,-0.105,0.097,2.388,30.325,144.830,194.056,86.076,10.372,1.262,0.998,1.134,1.561,1.682,1.815,2.246,2.186,2.356,2.186,2.876,2.808,3.273,3.492,3.575,3.255,3.746,4.362,4.196,4.167,4.164,3.974,4.548,4.974,4.787,4.297,4.777,5.257,4.932,5.347,5.018,5.448,6.115,6.210,5.581,5.583,5.509,5.320,4.681,4.318,4.362,4.650,4.205,4.435,4.619,4.586,3.807,4.526,4.341,3.775,3.541,3.581,4.014,3.526,3.239,3.258,3.014,2.472,2.682,3.016,2.464,2.561,2.112,2.533,2.564,2.247,2.283,2.741,1.760,1.564,1.824,1.692,1.528,1.796,1.458,1.624,0.773,0.777,0.650,0.499,0.771,0.583,0.602,
435,-3.017,-2.223,-2.060,-1.879,-1.607,-1.660,-1.330,-1.646,-1.490,-1.098,-1.142,-0.952,-1.266,-1.072,-1.114,-0.927,-0.857,-0.960,-0.668,-0.807,-0.725,-0.854,-0.950,-0.837,-0.710,-0.828,-0.757,-0.636,-0.796,-0.543,-0.624,-0.668,-0.632,-0.540,-0.508,-0.593,-0.502,-0.527,-0.381,-0.442,-0.553,-0.398,-0.355,-0.398,-0.396,-0.192,-0.377,-0.273,-0.488,-0.445,-0.504,-0.427,-0.306,-0.486,-0.323,-0.509,-0.383,-0.435,-0.339,-0.300,-0.276,-0.341,-0.324,-0.490,-0.344,-0.354,-0.457,-0.347,-0.283,-0.349,-0.239,-0.389,-0.268,-0.317,-0.408,-0.278,-0.166,-0.357,-0.457,-0.297,-0.259,-0.328,-0.329,-0.294,-0.241,-0.131,0.071,-0.099,0.030,0.341,11.575,74.082,181.259,130.808,29.223,2.046,0.816,1.241,1.446,1.759,1.538,2.306,2.280,2.337,2.322,2.540,2.888,2.707,3.039,3.102,3.042,3.406,3.313,4.244,3.636,3.646,3.445,3.835,4.562,3.695,4.281,3.904,4.271,3.688,3.903,4.322,4.279,5.048,5.215,5.440,5.611,5.492,4.850,4.369,4.506,4.130,3.869,3.261,4.075,3.883,3.568,3.087,3.603,3.347,3.289,3.135,3.331,2.563,2.649,2.680,2.943,2.891,2.813,2.269,2.562,2.121,2.064,2.059,2.169,1.523,1.510,1.666,1.693,1.702,1.197,1.493,1.142,1.176,1.232,0.838,0.996,0.690,0.688,0.777,0.615,0.450,
440,-3.046,-1.986,-1.995,-1.684,-1.598,-1.131,-0.865,-1.149,-0.975,-1.246,-1.117,-0.960,-0.757,-0.892,-0.747,-0.812,-0.747,-0.789,-0.774,-0.651,-0.743,-0.610,-0.740,-0.493,-0.549,-0.665,-0.727,-0.680,-0.662,-0.480,-0.530,-0.496,-0.539,-0.444,-0.498,-0.554,-0.597,-0.376,-0.456,-0.419,-0.289,-0.444,-0.498,-0.348,-0.398,-0.530,-0.368,-0.303,-0.322,-0.356,-0.294,-0.228,-0.388,-0.168,-0.395,-0.347,-0.352,-0.383,-0.351,-0.242,-0.252,-0.349,-0.299,-0.141,-0.188,-0.335,-0.220,-0.336,-0.390,-0.198,-0.227,-0.162,-0.265,-0.241,-0.215,-0.280,-0.370,-0.274,-0.265,-0.246,-0.368,-0.285,-0.168,-0.234,-0.206,-0.213,-0.170,-0.162,-0.159,-0.015,-0.211,0.163,1.578,28.655,122.182,169.680,69.590,9.339,1.229,1.144,0.961,1.129,1.312,1.654,1.456,1.807,1.720,2.049,2.410,2.267,2.732,2.153,2.880,2.486,2.725,3.220,2.889,3.052,3.534,2.791,3.531,3.355,3.685,3.614,3.970,3.687,3.857,3.462,3.772,4.288,4.466,4.452,3.927,4.947,4.449,4.271,4.211,4.379,3.405,3.227,3.094,3.637,3.092,3.066,2.673,2.958,2.592,2.636,2.607,2.617,2.683,2.238,2.147,2.043,2.235,1.946,2.140,2.266,2.070,2.074,1.752,1.395,1.702,1.606,1.278,1.713,1.135,1.410,1.449,0.953,1.349,0.852,0.479,0.506,0.841,0.829,
445,-2.916,-2.293,-1.775,-1.353,-1.721,-1.586,-1.007,-1.369,-1.415,-1.370,-1.073,-0.867,-0.821,-0.913,-0.919,-0.717,-1.057,-0.744,-0.874,-0.774,-0.819,-0.481,-0.672,-0.678,-0.608,-0.586,-0.495,-0.617,-0.543,-0.432,-0.482,-0.508,-0.483,-0.568,-0.563,-0.320,-0.423,-0.512,-0.464,-0.198,-0.381,-0.528,-0.373,-0.493,-0.495,-0.477,-0.425,-0.306,-0.432,-0.225,-0.397,-0.342,-0.293,-0.293,-0.358,-0.321,-0.307,-0.361,-0.308,-0.354,-0.219,-0.395,-0.298,-0.311,-0.210,-0.277,-0.124,-0.278,-0.246,-0.292,-0.275,-0.226,-0.358,-0.279,-0.361,-0.070,-0.288,-0.305,-0.143,-0.296,-0.162,-0.286,-0.220,-0.161,-0.171,-0.229,-0.222,-0.247,-0.133,-0.178,-0.035,-0.082,-0.214,0.058,0.326,6.246,58.825,149.686,125.256,31.180,2.594,0.880,0.933,0.726,0.790,1.252,1.634,1.542,1.602,2.044,1.729,1.910,2.021,1.854,2.677,2.518,2.264,2.319,2.698,2.630,3.174,2.695,3.413,2.851,2.942,2.951,3.125,2.795,3.542,2.872,3.283,3.455,3.302,3.395,3.307,3.709,4.059,3.333,2.930,3.216,3.490,3.006,3.208,2.762,2.675,2.910,2.297,2.050,2.535,2.176,2.555,2.788,1.687,2.303,1.867,1.772,1.615,1.419,1.613,1.949,1.463,1.882,1.606,1.465,1.203,1.238,1.251,1.163,1.409,0.783,1.419,0.674,0.614,1.005,0.579,0.320,
450,-2.342,-2.139,-1.546,-1.782,-1.418,-0.884,-1.264,-0.771,-0.774,-0.613,-0.737,-0.932,-0.969,-0.688,-0.709,-0.621,-0.716,-0.541,-0.451,-0.711,-0.523,-0.417,-0.484,-0.387,-0.560,-0.505,-0.524,-0.360,-0.426,-0.601,-0.600,-0.481,-0.418,-0.461,-0.375,-0.325,-0.360,-0.370,-0.324,-0.403,-0.197,-0.352,-0.283,-0.259,-0.315,-0.451,-0.215,-0.191,-0.356,-0.187,-0.200,-0.228,-0.271,-0.189,-0.262,-0.204,-0.240,-0.175,-0.195,-0.233,-0.206,-0.173,-0.214,-0.346,-0.228,-0.208,-0.150,-0.166,-0.242,-0.270,-0.257,-0.317,-0.180,-0.286,-0.216,-0.295,-0.277,-0.175,-0.098,-0.212,-0.181,-0.253,-0.114,-0.146,-0.098,-0.056,-0.141,-0.116,-0.132,-0.015,-0.056,-0.166,-0.003,0.032,-0.110,-0.089,0.027,1.465,18.765,94.114,152.490,67.890,7.422,0.703,0.774,0.868,0.844,1.313,1.035,0.975,1.506,1.656,1.501,1.728,1.989,1.940,1.829,2.201,2.126,2.509,2.538,2.578,2.614,2.146,2.571,2.912,2.503,2.986,2.789,2.745,2.754,2.940,3.511,3.333,2.898,3.054,3.044,3.170,2.985,3.422,3.475,2.786,3.291,2.443,2.394,2.343,2.256,2.826,2.359,2.499,1.794,2.108,1.974,2.046,1.885,1.716,1.940,1.616,1.436,1.499,1.314,1.544,1.736,1.206,1.223,1.394,1.402,1.012,1.110,0.727,1.042,0.857,1.108,1.077,0.411,0.452,
