"Summary"
"[Software Information]"
"Software Name:","LabSolutions RF"
"Version:","1.12"
"[Data Information]"
"Data is:","Modified"
"Sample Name:","AP02_1006"
"Sample ID"
"Option"
"Analyst"
"Date/Time:","17/06/2025 10:06:59"
"Comments"
"[Instrument Information]"
"Instrument Name:","Fluoro"
"Instrument Type:","RF-6000 Series"
"Model (S/N):","RF-6000 (A40245500667SA)"

"Parameter"
"[Measurement]"
"Spectrum Type:","3D"
"EX Wavelength Start:","240.0 nm"
"EX Wavelength End:","450.0 nm"
"Data Interval:","5.0 nm"
"EM Wavelength Start:","250.0 nm"
"EM Wavelength End:","600.0 nm"
"Data Interval:","2.0 nm"
"Scan Speed:","6000 nm/min"
"[Instrument]"
"EX Bandwidth:","3.0 nm"
"EM Bandwidth:","3.0 nm"
"Sensitivity:","High"
"[Attachment]"
"Attachment:","None"
"[Auto Print]"
"Auto Print:","No"
"Report File:",""

"AP02_1006.fs3f - CorrectionData"
"EX Wavelength/EM Wavelength",250,252,254,256,258,260,262,264,266,268,270,272,274,276,278,280,282,284,286,288,290,292,294,296,298,300,302,304,306,308,310,312,314,316,318,320,322,324,326,328,330,332,334,336,338,340,342,344,346,348,350,352,354,356,358,360,362,364,366,368,370,372,374,376,378,380,382,384,386,388,390,392,394,396,398,400,402,404,406,408,410,412,414,416,418,420,422,424,426,428,430,432,434,436,438,440,442,444,446,448,450,452,454,456,458,460,462,464,466,468,470,472,474,476,478,480,482,484,486,488,490,492,494,496,498,500,502,504,506,508,510,512,514,516,518,520,522,524,526,528,530,532,534,536,538,540,542,544,546,548,550,552,554,556,558,560,562,564,566,568,570,572,574,576,578,580,582,584,586,588,590,592,594,596,598,600,
240,-176.036,-137.223,-96.412,-88.546,-47.686,-3.071,-29.558,-51.242,-74.669,-58.968,-56.399,-58.005,-56.420,-45.199,-37.348,-52.226,-46.413,-38.243,-42.186,-31.555,-37.647,-37.020,-33.541,-34.656,-28.182,-30.436,-31.009,-34.340,-31.091,-27.906,-27.466,-16.419,-29.432,-18.212,-26.147,-25.557,-25.820,-15.107,-17.093,-14.135,-8.573,-18.710,-15.637,-12.033,-8.966,-14.626,-18.323,-11.505,-12.656,-8.451,-9.095,-0.520,-13.045,-0.140,2.490,1.924,5.754,12.552,3.122,5.995,3.947,6.633,5.497,6.450,5.006,13.998,15.835,3.122,9.393,23.509,19.213,14.123,12.359,34.868,34.134,30.115,10.240,25.705,18.585,23.665,31.487,27.772,34.248,21.392,23.229,24.897,29.317,30.577,30.052,31.558,36.943,23.167,31.655,24.286,38.358,35.042,20.233,23.847,24.547,26.056,22.341,22.309,24.003,21.208,22.003,10.935,28.918,23.145,22.817,23.718,26.105,23.805,125.957,417.519,934.731,1088.436,847.939,362.257,106.273,31.895,9.754,8.915,11.809,5.183,10.813,10.797,10.442,-1.071,7.389,6.761,-2.063,-3.061,-4.010,-2.301,-2.859,3.183,6.658,9.890,-7.929,-2.138,-9.093,-8.823,-13.609,-13.459,-11.422,-9.004,-18.986,-17.412,-20.017,-18.958,-18.249,-19.072,-21.807,-18.021,-26.309,-17.868,-23.498,-27.829,-27.414,-23.299,-31.156,-24.996,-22.194,-25.378,-21.341,-26.128,-29.730,-27.315,-29.245,-31.643,-36.999,-40.924,-31.964,-36.938,-40.745,-28.834,
245,208.166,-79.088,-52.459,-76.773,-60.065,-58.654,-52.449,-16.995,8.577,-11.286,-7.192,-32.677,-34.949,-31.735,-34.910,-31.083,-24.524,-27.569,-30.250,-28.784,-28.891,-28.935,-27.488,-24.650,-28.365,-29.593,-27.050,-16.598,-23.419,-23.329,-20.550,-19.106,-17.391,-21.452,-19.750,-16.850,-4.409,-18.263,-15.694,-15.368,-15.189,-13.480,-17.835,-12.506,-10.642,-11.318,-2.666,-2.415,-5.451,-2.420,-2.328,-2.484,-6.936,-1.150,9.965,-0.926,0.707,8.458,13.105,9.105,3.243,15.477,16.811,14.426,14.587,20.788,26.637,19.218,12.204,19.155,24.008,23.195,9.355,23.318,21.308,22.833,23.815,33.814,26.582,30.538,28.070,20.720,34.218,26.789,29.116,30.228,28.215,30.390,24.813,31.559,24.323,28.281,35.512,27.981,32.355,31.171,28.918,25.827,27.989,31.037,31.585,29.209,31.984,29.609,18.454,30.235,30.302,23.648,16.124,19.290,18.815,20.093,18.494,26.877,16.222,21.692,31.357,132.994,443.491,1002.513,1307.002,1034.865,580.124,159.741,33.962,17.642,13.054,8.909,8.158,7.567,-3.154,8.758,-1.828,-3.487,-0.568,5.925,0.570,0.989,-3.303,-0.323,-2.869,10.568,10.603,-6.989,9.259,-4.203,-0.397,-10.076,-12.634,-7.296,-13.509,-5.863,-10.799,-10.346,-16.416,-5.701,-18.171,-14.148,-14.342,-10.388,-10.326,-21.404,-15.552,-22.803,-24.121,-24.697,-22.212,-27.071,-24.275,-26.053,-24.815,-27.901,-32.043,-30.320,-27.765,-24.744,
250,11029.512,6588.297,1137.171,31.592,-43.631,-29.984,-40.455,-34.411,-33.965,-26.836,-17.408,23.425,2.718,-8.148,-24.765,-21.938,-24.262,-25.881,-20.798,-19.932,-20.511,-23.497,-16.235,-20.973,-20.542,-19.395,-18.345,-17.030,-18.553,-11.947,-12.402,-14.902,-13.506,-14.225,-11.000,-16.082,-13.030,-10.241,-2.820,-11.172,-9.821,-0.264,-4.103,-7.099,-6.761,-3.935,-5.435,-3.080,1.437,2.378,-3.985,1.407,1.858,7.342,13.948,4.829,4.030,9.680,9.757,7.880,19.776,12.967,11.775,15.539,24.273,13.260,21.913,21.971,22.912,33.577,22.726,21.255,34.095,19.687,21.811,28.558,24.606,27.019,28.935,27.270,33.144,29.073,37.372,37.108,31.971,33.202,40.153,37.823,30.164,32.933,38.004,35.259,34.589,35.246,32.244,43.499,37.801,28.049,32.325,31.965,32.623,40.089,34.265,27.767,37.245,25.082,31.597,32.787,24.869,26.984,27.601,30.283,26.301,34.897,18.630,23.390,20.297,20.571,20.411,21.581,20.066,28.788,145.693,520.222,1088.239,1461.918,1189.638,623.944,197.974,28.443,5.676,3.002,13.788,6.188,11.965,12.186,3.369,10.447,9.293,6.322,8.548,4.020,2.117,3.100,-0.416,7.615,0.534,1.129,7.412,6.349,8.370,-5.188,-10.187,-4.748,-8.501,-4.295,-9.236,-13.343,-8.930,-12.381,-8.408,-15.555,-11.625,-11.264,-12.442,-7.849,-12.969,-13.662,-16.478,-18.855,-22.393,-23.534,-16.476,-13.642,-16.584,-14.400,
255,412.305,3338.162,10321.960,9205.882,3541.310,314.876,-22.560,-31.715,-24.640,-25.333,-18.077,-8.244,-10.939,14.812,20.459,27.764,-6.853,-12.258,-14.659,-20.947,-20.275,-20.223,-21.763,-13.429,-16.140,-13.704,-16.160,-11.955,-11.382,-9.289,-10.607,-11.218,-12.042,-10.651,-8.682,-9.732,-9.941,-9.491,-5.172,-9.455,0.442,-4.305,-6.436,-6.194,-3.001,-4.370,1.129,3.903,0.905,0.468,3.847,1.229,8.761,10.583,13.001,17.593,11.852,6.830,10.933,16.486,18.331,17.223,21.057,25.655,24.301,18.754,22.465,33.969,33.466,32.335,34.560,23.326,31.055,48.569,29.672,36.705,37.544,41.673,38.785,40.226,38.516,42.244,49.952,53.332,49.792,44.470,42.436,53.562,45.872,45.251,55.779,41.335,45.623,38.349,46.146,46.284,43.141,48.976,39.834,41.870,40.609,48.047,44.087,41.831,42.006,34.021,36.285,38.464,39.060,41.965,43.444,38.549,35.431,34.770,22.955,38.537,31.619,28.590,27.504,23.932,25.149,38.263,29.262,28.384,30.570,20.138,49.990,181.576,591.848,1396.259,2047.137,1802.393,936.869,321.370,64.775,13.733,10.936,15.286,12.092,6.668,12.085,9.364,15.800,6.148,10.194,2.859,0.040,1.297,1.164,-2.182,2.157,13.274,7.268,5.414,4.606,12.392,7.228,3.744,-2.433,-2.779,-5.302,-12.476,-11.400,-5.127,-10.890,-13.520,-12.767,-12.984,-13.247,-14.228,-13.920,-14.386,-17.361,-21.913,-12.825,-15.639,
260,-60.477,-51.332,8.469,1016.718,5830.825,11105.903,7282.350,1587.560,42.295,-4.297,-16.934,-11.584,-7.788,-11.080,-4.467,-3.329,11.506,41.153,46.729,5.314,-10.248,-13.270,-12.512,-8.333,-8.247,-10.846,-9.473,-8.754,-6.379,-3.551,-4.182,-4.115,-6.467,-3.737,-4.920,-3.872,0.422,-1.655,-3.301,-4.757,-2.288,-2.038,0.564,0.905,-1.668,-1.925,1.037,1.703,1.677,3.992,4.690,7.037,14.657,12.389,9.240,15.018,11.344,13.685,17.577,10.941,15.813,22.399,24.070,24.133,19.654,26.831,25.104,31.609,29.834,33.679,35.782,32.881,36.579,33.656,39.279,28.433,36.678,41.245,43.170,41.760,37.009,44.598,42.680,40.181,38.846,37.322,34.548,42.823,53.453,49.806,46.566,44.994,44.533,49.584,50.162,47.449,48.355,43.986,46.085,51.879,45.373,43.946,43.370,47.122,43.999,40.107,44.086,41.635,41.872,36.904,36.369,38.372,37.068,36.835,42.302,42.719,37.201,27.953,29.530,29.829,27.954,26.625,33.101,31.138,27.093,26.718,25.978,22.015,26.837,21.427,25.734,30.925,151.627,587.542,1486.237,2268.475,2113.736,1218.602,402.865,72.933,16.636,18.060,6.408,10.997,6.474,7.272,10.295,11.522,8.496,4.436,-1.177,7.092,-1.964,1.218,2.123,-4.607,-2.414,3.571,3.168,11.243,10.774,12.090,0.753,7.752,1.903,-2.951,-5.874,-6.049,-9.332,-7.904,-7.618,-7.223,-5.547,-16.405,-4.805,-13.269,
265,-35.226,-36.073,-26.477,-17.927,-7.842,289.780,3444.471,10115.275,10296.438,3305.621,255.034,4.089,-5.747,-7.006,-10.358,-0.700,-4.507,-4.202,7.148,22.114,41.694,36.264,10.657,-1.446,-0.787,-5.724,-2.973,-5.005,-2.187,-3.795,-0.761,-2.661,-0.040,1.592,-1.483,1.107,2.257,3.055,2.682,2.682,5.001,2.687,3.346,2.511,1.912,3.869,0.127,6.273,3.294,5.421,6.003,10.746,13.073,11.922,13.609,10.186,18.145,13.020,21.599,16.696,23.606,16.431,21.380,24.864,18.656,24.669,25.306,27.354,26.669,27.928,27.038,34.075,28.847,30.784,34.192,29.886,33.889,28.355,32.620,35.462,42.241,38.925,35.587,36.847,40.373,38.860,39.819,45.038,48.463,38.490,41.460,41.751,38.525,41.528,43.449,40.929,40.888,42.966,39.759,42.064,42.005,46.974,40.566,45.540,42.742,45.296,42.354,44.104,41.318,32.384,41.546,35.180,42.962,31.154,33.420,35.611,35.363,30.759,32.411,33.665,31.556,34.838,29.363,26.218,24.701,24.093,27.435,25.989,22.898,26.319,23.303,21.067,19.788,20.778,21.690,19.795,33.688,194.039,738.910,1844.680,2479.684,2134.880,1106.382,313.480,54.723,15.179,14.295,7.432,20.513,13.173,11.667,8.479,9.033,3.289,-0.923,1.797,9.089,3.900,4.951,1.234,2.423,-1.088,2.611,-0.993,4.049,7.037,9.551,9.159,3.550,3.185,-0.446,-5.859,-6.497,2.148,-4.424,-9.143,
270,-26.038,-30.044,-26.441,-23.218,-14.790,-14.584,-14.501,27.055,1146.158,6800.658,12327.031,6696.937,1327.615,55.912,0.091,4.343,-0.523,2.269,2.657,0.695,0.262,2.950,25.435,33.801,41.978,11.972,10.116,0.421,1.758,2.342,6.223,4.680,4.741,1.111,-1.368,3.373,1.175,3.391,1.760,4.828,6.826,6.166,5.498,10.145,6.706,12.559,11.692,7.724,6.318,7.363,6.790,9.935,12.477,13.574,12.011,11.593,19.710,19.011,18.689,18.151,18.322,18.810,25.809,19.746,24.108,22.170,33.037,21.195,29.295,24.484,29.141,32.192,29.032,34.273,27.676,38.844,32.569,33.905,37.054,36.170,36.886,38.933,33.787,37.858,36.848,42.005,39.402,42.892,37.892,39.518,37.392,37.825,42.831,42.674,41.403,43.265,39.630,49.099,40.894,37.440,40.586,41.559,39.068,43.521,37.423,32.570,39.984,37.801,45.559,42.375,35.317,36.467,35.912,39.446,34.811,30.829,29.289,30.492,26.532,30.383,35.133,29.559,32.739,30.246,24.723,22.054,28.866,25.207,21.857,25.517,21.569,20.750,20.955,22.243,20.595,14.723,20.701,19.308,17.662,22.063,14.758,30.035,197.386,762.844,1851.265,2810.950,2500.308,1285.381,386.789,52.930,18.205,10.569,11.349,10.422,9.120,6.102,7.349,3.561,3.916,8.980,3.856,2.898,6.079,0.407,-0.088,1.621,4.202,1.666,5.074,-1.419,5.329,5.716,8.201,4.296,4.304,5.215,
275,-28.073,-18.145,-21.651,-10.048,-13.204,-7.635,-6.868,-5.191,-2.425,3.565,269.455,3854.940,10738.570,10405.577,2891.631,257.649,10.814,12.870,2.314,5.344,2.941,5.617,1.033,5.475,6.177,21.309,39.563,37.471,14.940,11.263,3.849,6.433,4.128,5.316,5.235,6.275,6.300,4.597,8.024,8.690,7.834,6.287,8.359,9.254,7.385,10.575,11.759,11.129,9.942,12.600,11.051,12.968,14.932,14.915,14.903,18.238,17.891,17.193,14.823,16.218,21.585,20.039,21.232,24.277,21.352,24.483,27.019,29.687,27.442,22.422,24.722,29.937,24.401,32.116,30.048,31.300,32.312,32.183,30.844,35.035,36.035,34.734,35.724,38.070,36.288,36.634,35.600,38.014,38.449,37.181,36.507,33.992,35.782,43.003,37.670,35.582,41.035,41.241,40.202,37.760,36.970,38.880,37.930,42.201,37.283,33.198,35.302,40.337,32.599,36.155,36.431,34.968,36.681,36.586,36.210,33.026,31.356,32.312,32.272,26.874,29.412,28.994,21.760,24.202,30.945,26.407,23.158,22.123,23.290,19.560,18.926,17.663,22.243,19.661,18.216,18.354,15.959,16.069,18.924,16.862,14.704,14.543,15.502,16.008,12.966,15.919,37.295,225.844,937.874,2139.713,2914.033,2496.353,1230.555,370.005,56.627,15.317,7.657,9.088,5.874,6.106,7.480,7.299,2.076,8.193,2.144,0.808,2.680,5.030,5.419,-0.226,0.227,3.267,-3.319,-0.949,0.880,-2.524,
280,-27.263,-13.848,-17.437,-9.319,-11.524,-7.068,-4.073,-8.201,-5.114,-2.362,-1.428,4.283,53.761,1521.968,8641.226,12889.842,6286.809,830.073,33.541,6.512,8.808,6.316,10.669,7.008,8.116,9.007,11.110,11.062,21.693,31.195,34.158,18.852,13.535,8.626,7.454,6.907,9.559,7.019,6.792,10.413,10.706,16.160,8.240,11.646,14.147,13.411,12.623,11.111,13.847,10.643,13.394,18.578,14.940,17.450,18.317,18.028,18.421,21.576,21.023,21.217,19.022,23.557,19.095,22.563,22.992,24.751,26.048,25.114,25.846,24.053,29.741,26.484,25.640,29.681,31.016,28.061,30.142,31.794,37.204,26.931,35.534,33.947,34.852,36.500,38.104,35.727,30.406,35.895,36.266,31.358,36.899,38.369,35.759,37.587,32.685,38.100,31.737,35.568,35.691,37.576,34.021,35.633,30.590,36.155,35.004,36.421,35.623,35.699,36.667,31.961,32.734,32.889,31.878,32.523,32.481,28.597,27.614,30.405,28.379,33.735,24.719,25.008,26.418,26.551,26.954,22.982,22.151,18.905,23.591,18.196,21.961,18.409,16.838,17.216,20.122,15.228,14.986,17.747,11.169,15.561,11.334,14.536,13.434,11.815,14.244,13.170,12.432,13.403,11.802,9.861,14.858,52.176,358.737,1133.631,2403.109,3153.457,2519.982,1261.120,321.752,50.150,11.792,5.863,6.686,4.063,2.699,5.563,6.212,3.640,3.687,2.816,4.668,2.634,2.240,3.839,2.253,-0.584,
285,-26.562,-20.041,-15.795,-10.453,-9.979,-10.368,-6.169,-8.476,-9.247,-4.873,-2.859,-2.306,-0.306,3.163,6.734,268.781,3819.696,12025.298,11288.527,2964.732,233.163,12.406,11.889,8.815,7.863,5.998,12.606,11.672,9.595,9.640,12.053,19.189,28.465,31.703,24.564,14.103,14.359,12.305,11.826,12.036,11.175,12.328,9.692,10.072,12.795,15.238,15.243,15.207,17.868,17.810,16.718,17.368,15.867,18.666,19.125,21.555,22.184,20.379,18.889,23.370,26.198,23.476,24.346,24.633,22.572,27.384,24.656,29.101,27.675,29.236,27.609,26.737,30.719,33.732,28.900,31.266,33.061,31.366,34.693,35.866,29.316,30.328,34.587,35.975,34.177,37.951,33.357,34.583,33.878,35.998,37.898,35.692,33.265,37.223,31.977,38.889,38.482,35.174,36.984,34.906,36.855,36.213,32.305,39.056,33.044,31.098,35.851,31.619,33.671,33.891,31.604,27.726,26.479,30.690,28.310,26.805,27.231,21.518,27.898,26.410,28.403,25.262,23.713,24.530,25.492,19.227,23.577,20.853,20.104,21.238,19.668,19.469,17.576,16.892,17.658,17.843,17.750,13.981,15.749,14.802,15.728,11.241,15.760,14.524,9.879,13.181,9.785,6.390,10.167,10.458,8.912,6.473,7.416,9.797,8.881,6.692,42.197,275.029,1035.090,2266.292,3326.568,2893.155,1610.762,488.601,73.544,10.677,6.586,3.131,3.492,5.396,1.878,2.758,6.796,1.505,1.675,0.468,
290,-21.433,-20.027,-10.006,-10.259,-11.358,-8.361,-5.393,-3.219,-1.594,-1.778,-3.729,-1.800,-1.519,1.004,3.249,2.518,2.866,70.260,1545.460,9214.570,12120.250,7024.041,820.093,41.588,13.672,12.854,9.950,11.345,8.546,10.582,6.579,10.560,9.192,13.660,22.602,32.602,26.345,23.765,15.021,7.320,10.998,13.673,13.583,11.790,13.457,14.182,16.561,17.920,13.321,13.957,16.914,21.138,17.749,19.933,22.571,23.070,23.096,20.746,26.966,22.216,22.640,25.729,27.653,25.172,26.282,29.010,29.589,28.115,27.744,28.284,33.099,32.887,31.864,33.170,34.146,32.170,32.821,37.603,32.702,33.156,34.351,32.124,31.092,32.931,30.104,36.652,37.285,38.803,33.997,34.385,33.485,36.349,39.184,38.529,34.990,36.843,34.174,31.906,36.196,32.643,34.885,33.920,35.692,34.766,35.073,35.189,31.137,32.490,36.501,27.807,31.574,29.664,31.707,29.858,27.209,30.871,25.998,24.781,26.811,23.643,27.787,24.991,22.644,23.172,22.405,19.267,21.679,21.069,18.754,18.332,22.023,18.164,20.082,19.363,19.926,16.910,18.532,16.982,13.529,15.003,11.512,12.860,11.134,14.080,10.347,8.008,11.101,7.515,7.906,9.443,10.712,8.176,7.634,8.272,9.111,5.625,4.946,8.373,9.868,4.691,6.787,65.845,331.926,1135.040,2649.336,3556.302,3128.321,1494.879,397.454,61.645,5.730,6.258,4.635,1.969,2.681,3.223,
295,-16.260,-15.674,-14.381,-12.275,-8.829,-8.634,-8.329,-8.470,-2.923,-5.678,-4.233,-4.517,-2.679,0.743,0.259,4.846,3.046,4.298,5.173,19.598,457.021,4531.157,10399.025,9980.675,3050.697,203.528,14.464,12.316,9.164,9.132,6.244,6.021,6.604,7.355,7.352,8.890,12.939,20.409,29.752,33.692,20.979,15.379,9.870,11.069,13.437,13.130,10.616,14.072,16.258,16.806,15.158,16.481,18.440,18.547,21.968,20.599,21.137,23.080,24.158,25.122,22.992,26.651,28.436,26.749,31.156,30.618,30.174,29.572,29.885,31.367,31.628,32.751,30.104,35.645,34.253,35.131,35.514,37.867,33.492,36.407,38.697,37.935,37.746,34.979,36.954,34.033,33.955,37.152,37.542,38.698,34.476,32.569,37.550,33.673,39.119,36.109,33.578,33.884,35.518,34.159,34.238,28.940,34.768,32.559,30.158,32.281,32.329,28.483,27.884,29.138,26.222,26.293,29.987,25.284,25.982,25.999,27.997,26.700,22.495,24.258,23.358,25.331,21.788,21.603,21.432,18.803,17.031,19.381,17.358,18.336,22.072,19.073,19.232,18.141,15.969,13.237,12.626,15.974,12.252,12.475,13.103,13.209,8.102,12.655,11.533,11.696,9.379,9.391,8.353,6.339,7.080,6.081,7.941,5.642,7.626,6.652,6.532,5.281,7.308,9.446,4.971,4.865,9.378,4.298,6.186,14.416,65.966,395.548,1369.885,2768.158,3633.219,2866.540,1405.364,371.752,42.428,5.639,
300,-14.667,-14.366,-9.129,-7.828,-7.198,-9.164,-9.058,-7.025,-6.205,-4.394,-2.826,-2.523,-2.658,-2.271,0.143,-0.571,-0.274,2.772,2.339,5.459,6.299,7.261,65.222,1326.152,7656.125,8586.126,7161.764,1150.067,41.045,11.135,8.088,10.019,7.045,5.584,6.801,10.931,8.769,9.558,8.011,11.244,17.521,24.262,29.503,26.171,15.583,14.460,12.283,12.743,13.357,14.459,14.855,15.667,18.847,19.294,18.157,17.376,22.073,21.053,19.606,27.539,25.568,27.649,26.181,29.628,28.283,29.601,31.932,32.195,33.865,32.851,32.739,33.048,31.299,35.450,35.843,33.958,34.095,36.350,36.420,38.827,37.125,40.159,36.874,39.399,36.553,35.473,37.577,36.850,37.488,34.117,36.289,38.257,36.710,33.159,35.731,35.043,37.640,38.252,36.608,32.130,35.706,33.844,31.173,32.994,33.097,32.558,32.158,28.746,28.649,28.488,27.875,27.953,25.251,26.029,27.427,23.872,21.699,25.974,24.615,21.721,23.752,19.375,23.109,19.566,20.007,18.293,19.862,19.420,17.527,16.051,16.050,17.689,17.207,14.444,14.825,13.906,12.606,14.399,12.668,15.613,12.697,13.324,11.503,11.499,8.767,8.860,11.669,8.901,10.858,7.020,10.012,8.234,6.537,7.477,7.061,6.632,4.497,5.603,5.004,3.290,3.859,5.265,4.775,2.489,3.856,4.915,3.840,4.796,5.220,2.810,7.546,64.990,339.439,1179.393,2731.062,3679.840,
305,-15.688,-12.187,-10.014,-6.748,-7.750,-7.200,-5.650,-5.679,-5.495,-5.723,-5.499,-3.598,-2.849,-2.301,0.119,-0.066,-1.956,0.271,0.929,2.266,3.701,4.876,5.802,7.577,12.684,412.994,4704.943,7254.570,7082.904,3200.462,184.886,13.840,12.764,8.537,8.315,9.741,8.744,7.383,7.114,8.308,7.723,8.810,11.346,16.178,23.150,28.034,23.223,19.553,14.425,12.185,14.262,15.709,18.113,17.739,19.912,21.442,21.273,20.445,20.970,24.419,26.663,24.588,27.318,26.004,29.638,30.678,32.548,30.652,36.316,32.638,34.694,36.514,34.500,39.022,35.262,34.607,36.458,39.393,36.930,36.355,37.646,39.727,40.667,39.066,40.698,40.772,35.470,37.512,35.029,39.064,37.627,35.064,37.718,35.841,38.525,34.186,39.384,38.546,36.796,34.491,36.099,34.480,33.314,32.577,33.582,31.648,29.076,31.181,29.808,27.042,29.388,27.928,27.894,27.210,26.246,28.277,24.115,23.157,21.828,20.630,20.436,21.712,21.928,17.922,17.608,19.071,15.156,17.731,19.177,15.495,15.294,17.228,14.272,13.870,16.192,14.495,13.133,16.363,12.833,12.735,8.743,12.191,13.168,9.296,10.244,8.587,7.729,8.105,9.002,7.670,8.609,8.868,6.005,6.142,6.034,3.665,5.144,6.481,5.371,5.340,6.240,3.700,4.252,3.466,4.840,5.609,3.575,3.237,1.635,2.802,2.453,2.465,2.055,1.264,3.804,11.706,
310,-12.767,-11.482,-7.171,-6.951,-6.437,-6.195,-5.812,-5.635,-5.520,-5.855,-4.129,-2.808,-3.958,-1.613,-1.904,0.623,-1.332,-0.209,-0.375,1.067,0.488,0.843,4.017,4.330,6.333,5.753,8.877,53.029,1582.736,5866.977,5949.270,5595.555,1047.523,33.050,9.277,11.812,10.651,9.745,8.087,8.790,8.014,9.564,9.354,9.775,9.311,13.010,16.702,22.198,27.549,23.004,17.971,16.015,15.987,14.768,17.113,18.780,19.586,20.490,24.433,25.041,23.869,26.064,26.084,25.972,27.640,30.066,33.026,31.335,34.385,34.389,32.684,35.626,34.704,36.038,34.166,36.387,37.252,36.776,36.248,36.913,40.491,40.883,39.701,41.590,42.816,37.574,36.496,39.504,39.434,36.805,38.188,39.015,37.885,37.834,37.782,36.015,33.515,34.818,35.499,33.877,35.419,33.838,31.878,34.576,31.228,31.880,33.402,29.874,27.716,27.906,28.902,29.307,25.627,24.811,24.958,25.382,25.934,21.580,22.646,22.922,20.486,19.417,21.019,21.505,17.524,15.780,17.553,18.853,16.549,16.758,18.279,15.167,18.561,15.505,13.686,12.449,12.090,11.841,14.912,9.185,10.993,10.939,11.721,8.209,8.555,9.453,9.080,6.958,6.685,6.650,6.128,7.547,8.700,6.544,5.171,5.220,4.532,5.092,5.082,5.226,4.478,5.195,3.512,4.717,2.013,2.904,2.402,3.766,2.368,2.538,2.238,1.759,2.856,2.091,1.720,0.341,
315,-12.241,-8.945,-6.899,-4.618,-5.938,-4.047,-4.414,-5.085,-4.205,-3.842,-3.443,-3.149,-3.509,-1.830,-3.155,-2.140,-2.307,-1.511,-0.160,0.234,0.520,-0.046,2.682,2.295,2.539,3.402,5.343,5.824,6.858,8.626,217.948,3353.076,4962.694,4887.143,3423.808,314.437,12.829,9.752,10.295,8.900,9.368,10.662,9.975,10.488,7.708,10.561,9.905,10.505,11.158,15.449,20.648,26.098,24.497,22.794,16.517,18.361,19.953,20.676,22.117,22.382,21.917,23.903,27.265,27.052,27.156,29.436,33.171,31.968,31.186,33.529,36.297,34.537,34.210,36.845,34.508,35.093,37.323,36.559,39.102,37.970,36.767,37.890,36.931,39.808,36.053,40.433,42.485,37.863,38.934,38.416,37.600,34.742,39.309,39.425,33.892,37.519,38.495,35.507,35.372,38.315,35.069,33.306,34.304,33.324,33.486,35.680,29.241,30.214,27.119,28.888,28.629,26.321,28.629,28.103,24.474,24.444,21.384,22.208,23.259,20.838,21.471,22.126,20.729,20.578,18.480,17.244,15.794,19.112,14.120,16.688,14.950,14.929,15.085,14.900,13.390,13.805,13.856,12.344,10.683,11.993,9.745,9.750,10.764,9.022,10.060,8.715,7.551,8.327,7.052,7.730,6.391,7.428,6.414,5.088,5.925,6.021,5.956,4.823,5.523,3.844,3.726,4.187,2.947,2.174,5.263,3.831,2.350,2.883,1.996,2.815,1.940,1.869,2.896,2.710,1.031,1.782,
320,-10.005,-7.380,-5.851,-5.887,-5.442,-4.441,-5.121,-2.034,-2.725,-4.182,-3.455,-3.611,-3.588,-2.683,-2.697,-2.140,-1.316,-1.801,-0.587,-0.943,0.438,-0.033,1.497,0.601,1.174,1.063,2.763,2.938,4.042,5.597,6.957,7.992,47.057,1186.205,4312.433,4228.438,4159.046,935.045,35.552,10.258,10.479,9.004,9.646,6.938,9.948,7.731,7.346,11.661,10.293,11.055,12.063,13.255,15.740,19.139,26.289,25.950,23.678,20.444,21.597,20.528,23.165,22.660,24.573,25.443,28.146,27.749,30.519,31.744,30.625,30.457,31.772,32.969,36.220,33.895,37.091,35.456,35.219,34.224,36.846,37.659,39.854,41.455,36.924,37.763,37.291,38.695,40.559,38.517,37.212,39.007,36.697,36.485,36.589,39.196,35.023,36.799,35.841,32.478,34.819,34.385,35.372,35.958,35.859,32.117,31.734,32.191,29.988,28.948,30.037,30.125,28.342,25.146,24.996,28.804,26.807,26.481,24.043,24.200,20.613,21.891,21.498,20.215,21.592,19.737,20.508,20.652,16.542,16.128,16.961,16.629,15.490,16.432,14.103,14.684,13.417,12.770,12.429,13.382,12.853,10.570,11.757,9.654,11.932,9.381,11.322,8.555,9.665,9.745,10.299,8.222,6.439,6.816,7.124,5.722,5.591,6.251,5.562,6.157,4.176,3.528,4.935,3.472,3.898,4.482,4.258,4.150,2.888,3.066,2.681,2.295,2.256,0.409,1.774,1.441,0.653,2.398,
325,-8.200,-6.805,-5.248,-4.760,-3.451,-4.488,-3.704,-3.769,-4.111,-3.272,-2.951,-2.306,-1.804,-2.476,-1.797,-2.064,-2.203,-1.771,-1.545,-1.684,-0.918,0.368,-0.312,0.347,0.816,1.304,1.588,2.017,2.212,2.434,3.150,4.557,6.585,8.244,10.417,173.996,2783.583,3672.261,3619.239,3044.297,211.185,12.693,10.649,9.326,10.566,8.181,8.827,8.552,9.290,8.981,10.770,10.256,9.958,11.496,15.088,16.372,21.656,23.287,26.606,24.735,21.976,23.391,23.621,24.850,23.470,28.167,28.343,29.766,30.852,27.277,31.055,32.769,32.645,37.492,34.027,35.387,35.690,36.124,36.809,37.884,38.411,38.897,40.072,38.385,39.508,37.773,38.618,38.522,38.356,35.708,36.527,36.996,40.652,36.392,37.484,35.062,34.875,35.583,34.096,35.254,31.538,32.179,33.166,33.094,32.250,29.481,30.629,29.279,29.760,29.439,27.087,28.624,27.592,26.285,25.218,24.362,23.586,24.097,24.336,22.688,22.201,21.697,20.905,20.845,19.040,16.096,17.878,19.037,17.473,15.376,15.610,16.508,15.597,15.071,14.409,12.249,13.338,10.950,12.092,11.559,10.665,9.662,10.095,9.738,9.691,8.554,6.613,8.119,7.147,7.578,6.909,6.983,6.661,6.316,5.677,5.748,5.622,6.166,5.696,4.621,5.023,4.270,4.149,4.090,3.682,3.850,2.336,2.916,3.789,3.358,2.454,1.469,3.308,2.064,2.570,2.616,
330,-8.478,-6.297,-4.534,-2.503,-4.000,-4.176,-3.896,-3.133,-3.697,-2.878,-2.298,-2.115,-2.396,-2.260,-1.998,-1.746,-1.861,-0.901,-1.419,-1.609,-1.242,-1.127,-1.036,-0.456,-0.186,0.183,1.179,0.805,2.113,1.281,1.812,3.525,3.571,4.733,4.511,6.626,6.147,36.475,814.948,3278.837,3234.920,3186.205,1023.744,38.698,10.179,9.400,9.727,9.451,8.042,9.302,8.581,8.994,8.674,10.909,11.737,11.999,14.371,15.380,18.308,21.938,27.818,28.162,30.010,23.859,24.772,26.465,27.938,26.428,27.009,29.320,28.554,31.696,32.579,31.038,33.017,33.720,33.890,36.641,35.031,35.679,38.152,35.715,37.060,36.113,36.648,38.400,35.956,36.419,36.732,37.943,35.530,37.419,35.725,37.208,36.632,35.671,35.810,32.074,32.827,33.636,32.568,35.443,32.934,32.042,30.470,30.004,30.506,29.753,28.047,29.646,27.196,26.502,26.368,25.221,24.350,25.924,24.724,23.493,22.150,21.813,21.659,20.500,17.518,20.222,17.660,19.083,19.360,18.459,16.622,16.961,15.193,14.906,14.629,12.884,13.073,13.559,13.890,12.119,12.119,11.737,9.849,9.377,10.088,9.724,9.718,10.541,7.428,7.570,9.799,8.471,6.273,7.276,6.245,5.567,6.968,6.457,6.562,5.673,5.396,4.262,3.034,5.151,4.319,3.054,4.955,2.425,2.415,2.711,2.564,3.376,3.071,2.965,1.794,2.378,2.005,1.720,
335,-7.175,-5.720,-4.471,-3.479,-3.599,-3.517,-2.490,-2.872,-3.023,-2.772,-2.913,-1.852,-1.477,-1.712,-2.121,-1.746,-1.431,-1.435,-1.500,-0.841,-1.606,-1.320,-0.205,-1.071,-0.695,-0.056,0.103,-0.089,1.417,1.133,1.506,1.635,1.638,1.655,2.199,4.553,5.054,6.275,7.372,9.653,289.950,2644.153,2894.771,2859.088,2446.761,135.920,12.772,9.317,9.579,9.588,9.633,9.754,9.901,11.471,11.716,13.672,11.898,13.371,15.133,16.291,16.732,17.833,24.689,27.455,31.198,27.719,27.100,25.655,23.293,26.116,26.759,29.881,28.844,30.186,31.209,30.331,33.711,35.352,28.766,34.023,32.221,34.578,34.406,34.348,33.496,36.418,33.304,34.533,36.692,34.216,35.549,34.432,35.770,35.142,33.782,33.833,34.731,34.821,34.259,32.952,32.486,34.713,32.437,31.810,30.808,30.615,31.345,29.730,31.573,28.395,28.492,28.800,26.259,24.581,23.726,24.908,22.288,23.077,22.970,20.611,22.019,20.149,19.310,20.500,19.940,18.356,15.485,14.777,17.135,14.170,16.313,14.635,15.694,16.110,13.677,11.594,11.827,12.575,11.515,10.391,10.439,10.573,10.010,10.548,8.817,8.399,7.851,8.568,9.131,6.622,7.870,6.490,6.002,4.936,6.531,5.540,4.531,6.488,6.004,4.603,5.103,3.649,3.723,4.568,2.576,2.454,2.746,3.737,1.936,2.055,2.968,2.028,2.700,2.787,2.801,1.819,
340,-4.289,-4.877,-4.162,-3.774,-2.447,-3.830,-2.763,-2.896,-2.543,-2.037,-1.988,-2.039,-1.434,-2.221,-1.443,-1.222,-2.066,-1.072,-0.291,-1.886,-1.573,-1.289,-0.341,-0.889,-0.662,-0.539,-0.994,-0.847,-0.233,0.180,0.733,2.125,1.524,1.082,2.275,2.397,2.294,3.117,4.426,5.148,6.091,6.621,31.968,992.179,2616.552,2589.246,2558.665,969.860,24.952,10.391,10.897,9.871,9.095,9.560,10.204,12.119,10.557,12.533,13.704,13.349,15.365,16.672,16.598,17.995,17.219,24.768,24.864,28.229,30.789,26.889,25.395,26.197,25.982,27.167,28.148,28.527,30.412,31.253,31.377,33.137,31.633,32.966,31.666,32.935,33.667,34.646,33.580,33.735,35.875,33.997,35.647,32.616,34.863,34.859,34.708,34.680,34.546,33.194,33.930,32.372,33.866,31.361,32.617,29.830,31.428,30.770,29.545,29.434,28.706,29.261,27.788,27.705,24.335,26.000,25.003,22.851,23.957,23.044,22.753,22.854,22.737,19.935,19.147,18.730,19.846,18.229,17.445,16.783,17.193,14.719,16.173,14.289,14.365,13.690,13.772,13.377,12.217,10.396,10.455,10.631,10.826,12.309,10.266,10.020,10.112,8.968,8.826,8.546,8.365,7.161,7.226,8.606,6.271,6.898,5.277,7.428,4.570,5.721,5.070,4.858,4.490,5.243,4.784,3.461,2.776,3.393,3.514,3.097,3.949,2.896,2.210,2.874,1.750,2.340,1.585,1.916,
345,-5.633,-4.858,-3.753,-3.123,-2.901,-2.046,-2.530,-1.890,-2.009,-1.868,-2.071,-1.965,-1.921,-1.335,-2.085,-0.349,-1.379,-1.535,-1.844,-1.526,-1.418,-1.147,-0.724,-1.220,-0.724,-0.866,-0.456,-0.484,-0.462,-0.352,0.020,1.112,1.300,1.430,1.623,2.202,2.132,1.807,2.444,2.750,4.710,4.599,5.508,6.843,10.386,277.711,2228.568,2352.563,2322.426,1916.142,137.988,10.145,10.725,9.462,10.159,7.933,9.007,11.093,10.477,12.559,12.785,12.588,14.587,16.209,15.626,15.364,17.423,18.703,21.545,25.147,27.634,28.071,27.454,25.675,26.334,26.592,28.502,27.773,26.784,29.699,30.039,30.988,31.748,31.540,33.142,30.600,33.535,33.751,33.524,33.560,32.678,31.099,34.584,34.320,32.818,31.919,33.914,34.205,33.120,30.794,32.799,33.103,30.115,32.069,30.444,30.138,28.552,28.055,28.296,26.156,27.532,27.709,27.490,23.645,25.517,24.497,23.947,23.390,22.699,19.304,20.757,19.816,19.921,19.920,19.118,19.397,17.917,17.385,16.260,16.634,15.938,15.834,15.362,12.607,13.735,14.846,14.080,12.512,11.360,12.069,10.598,9.711,9.409,8.870,11.752,7.877,8.926,8.335,7.927,7.369,7.430,6.135,7.456,5.940,7.377,5.760,4.548,4.981,5.022,4.370,3.548,5.497,5.623,2.861,2.632,3.149,3.578,2.947,3.186,3.053,2.098,2.976,2.271,2.707,1.593,1.605,
350,-4.784,-4.195,-3.559,-3.329,-3.277,-1.032,-2.420,-2.454,-1.877,-1.336,-1.406,-1.852,-1.809,-1.255,-1.576,-1.323,-1.082,-0.780,-1.451,-0.864,-1.179,-1.107,-1.114,-1.109,-1.139,-0.609,-0.675,-0.195,-0.614,-0.359,-0.283,-0.086,-0.314,0.748,0.828,1.414,1.142,1.294,1.728,1.541,1.997,3.474,3.787,3.733,5.690,7.057,6.939,55.150,1507.910,2153.557,2120.326,2094.022,493.003,16.288,8.861,9.122,9.839,9.429,8.479,10.321,10.431,11.412,12.137,14.610,13.569,15.892,16.688,17.478,15.183,17.346,18.234,20.606,24.881,25.930,27.006,26.268,25.494,26.153,24.654,26.736,29.389,27.863,28.145,28.448,29.936,29.204,29.573,29.146,29.843,29.375,31.807,32.224,30.846,30.532,31.175,32.407,32.879,31.820,31.788,31.142,29.541,29.630,30.809,29.040,29.941,30.019,29.130,26.779,28.619,26.289,27.229,27.559,24.155,25.953,23.214,24.014,22.399,23.195,21.188,20.439,21.400,19.551,20.608,20.463,18.540,16.434,16.349,17.209,16.032,16.411,16.057,15.171,15.263,12.372,14.252,13.367,11.421,11.758,10.931,11.446,11.331,11.506,10.403,9.042,8.747,9.046,8.582,8.561,7.242,7.378,6.313,9.158,6.404,5.644,7.178,5.480,5.277,5.560,5.464,4.252,4.174,3.878,4.027,4.041,4.353,3.667,3.554,3.084,3.249,2.732,2.328,2.913,1.688,2.585,1.967,1.595,
355,-4.512,-3.501,-2.243,-2.044,-2.608,-2.711,-2.413,-2.210,-1.397,-1.216,-2.124,-1.830,-1.864,-0.651,-0.944,-0.880,-0.719,-1.179,-1.363,-0.783,-0.779,-0.705,-0.465,-0.202,-0.502,-0.645,-0.100,-0.063,-0.246,-0.130,-0.242,-0.639,-0.416,-0.348,0.205,1.260,1.422,1.402,1.658,1.809,1.592,1.763,2.749,2.671,3.245,3.847,4.840,5.480,6.810,12.699,279.570,1962.697,1934.812,1906.942,1677.255,119.342,10.771,8.925,9.139,8.666,9.492,9.391,10.251,10.160,11.411,11.688,11.656,14.396,14.181,15.097,14.730,16.380,17.114,17.636,20.401,21.806,24.006,26.159,27.685,26.165,24.826,25.920,24.384,25.217,24.940,27.927,26.781,28.282,27.627,30.153,28.786,28.180,28.130,29.640,27.254,29.863,28.998,29.655,29.803,30.224,28.203,29.833,28.336,28.381,28.750,27.984,27.388,26.821,25.730,24.603,24.533,26.002,25.163,23.739,23.054,24.201,21.515,22.603,21.740,21.300,20.498,21.295,19.525,18.823,17.057,17.347,17.365,15.815,14.878,14.926,14.627,13.485,13.770,12.440,12.503,13.161,11.888,11.897,10.744,11.886,10.644,10.189,9.264,8.657,8.574,8.743,7.107,8.035,7.705,7.149,6.346,6.367,5.812,6.319,5.860,5.356,4.746,4.467,5.408,4.298,4.106,3.286,3.172,3.993,4.195,3.002,3.629,2.834,2.826,1.721,2.123,2.255,2.346,2.198,1.383,1.403,
360,-2.366,-2.238,-1.153,-1.243,-1.511,-0.510,0.063,-1.538,-0.589,-1.179,-0.412,-0.905,-0.879,-0.487,0.990,0.628,0.497,0.442,0.526,0.126,0.431,-0.294,0.473,0.446,-0.207,0.300,-0.058,0.463,0.460,0.143,0.410,0.277,0.576,0.656,0.633,0.565,1.212,0.910,1.589,2.200,0.984,2.417,2.688,3.494,2.833,3.088,3.768,4.180,5.182,6.251,5.869,7.338,67.435,1292.403,1796.285,1776.544,1755.064,686.458,24.934,9.565,8.765,9.085,10.211,9.440,9.489,10.589,9.431,11.035,11.238,12.856,13.221,12.940,14.873,14.331,16.339,15.806,17.871,19.211,23.297,25.211,26.110,25.279,25.071,23.163,24.224,25.111,24.145,24.716,25.236,27.485,25.733,26.127,25.730,27.022,27.566,26.549,27.460,27.018,26.819,26.605,28.358,26.625,25.613,25.434,25.980,25.910,26.742,25.624,24.829,24.388,24.659,22.408,23.061,21.828,24.869,21.377,20.649,21.110,19.149,19.002,18.792,17.909,18.726,17.168,17.424,16.670,15.756,13.717,15.643,14.259,14.183,13.323,13.242,12.397,12.204,11.547,11.740,12.560,10.905,10.104,9.992,9.352,9.285,8.212,9.437,7.732,8.182,6.582,7.169,8.467,8.026,6.790,6.137,6.888,5.219,5.163,5.901,4.816,4.360,4.698,3.993,4.459,4.343,3.425,3.455,3.173,3.452,2.830,2.895,2.954,2.283,2.765,2.011,2.159,1.333,2.690,
365,-1.541,-1.569,-0.398,-0.792,-0.418,-0.523,0.286,-0.193,-0.112,-0.034,-0.770,-0.623,-0.147,0.157,0.707,0.929,0.069,-0.345,0.396,-0.343,-0.193,0.241,0.204,-0.589,-0.049,0.139,-0.188,0.097,-0.330,-0.353,-0.227,-0.097,-0.030,0.007,-0.156,0.252,0.603,0.429,0.287,0.759,0.870,1.350,2.056,1.805,2.174,2.332,2.272,2.942,2.953,3.328,5.353,5.419,5.255,6.274,12.731,388.032,1673.532,1656.158,1636.336,1537.345,105.436,10.413,8.327,7.915,8.569,8.008,9.224,9.392,9.357,9.499,10.455,9.339,13.285,13.292,11.996,14.479,14.135,13.998,15.370,17.088,17.504,20.678,21.756,24.224,22.742,23.550,22.277,22.832,23.306,22.884,21.839,22.344,23.049,24.082,24.609,24.796,24.572,24.547,24.862,25.208,25.578,25.088,26.239,25.189,24.899,23.989,24.347,24.405,24.052,24.531,22.722,21.381,22.040,21.668,21.626,21.242,20.562,21.368,19.189,18.359,18.768,16.514,18.136,16.971,18.230,15.861,14.939,16.040,16.015,13.699,14.687,12.822,13.049,12.299,12.843,12.044,11.602,10.872,10.714,9.800,10.237,10.006,9.501,9.020,9.334,8.462,7.518,7.016,7.445,6.319,6.805,6.149,6.233,6.315,6.492,6.279,4.630,4.061,4.058,4.316,4.549,3.931,4.906,2.932,4.319,3.032,3.635,3.099,3.022,2.595,2.172,1.905,2.049,1.348,2.124,1.505,
370,-2.072,-0.855,-1.381,-1.811,-1.909,-1.375,-1.485,-1.424,-0.905,-1.121,-1.051,-0.431,-1.000,-0.624,-1.166,-0.934,-0.510,-0.641,-0.654,-0.487,-0.433,-0.808,-0.583,-0.388,-0.922,-0.306,-0.434,-0.626,-0.930,-0.636,-0.420,-0.248,-0.237,-0.200,-0.498,-0.285,0.068,-0.317,-0.298,0.080,0.369,0.396,0.933,1.690,1.360,1.056,1.753,2.236,1.659,2.038,2.680,3.111,3.251,4.820,5.053,5.344,7.004,47.774,1045.628,1557.875,1545.923,1532.424,898.251,26.589,8.670,8.292,9.180,7.897,7.534,7.998,8.318,8.625,8.555,9.491,10.232,11.340,12.419,12.269,12.883,13.136,13.841,15.461,16.382,16.637,19.074,19.981,22.030,22.301,22.054,21.026,20.721,21.176,21.116,21.385,21.616,22.210,23.203,21.888,23.437,23.326,22.366,21.789,22.077,22.830,20.806,23.477,21.719,22.039,22.534,22.830,19.748,20.863,21.214,20.315,18.640,20.139,20.011,18.041,17.956,17.835,18.035,15.971,17.508,17.118,16.404,14.713,14.769,14.897,14.951,12.175,14.370,13.065,13.777,12.638,12.273,11.796,11.931,11.177,10.179,9.764,11.346,9.553,9.405,9.121,8.847,7.259,8.652,8.162,7.081,6.509,6.215,5.900,5.067,6.134,5.325,5.540,4.787,5.141,4.697,4.083,4.056,3.539,2.633,3.263,3.996,3.199,3.404,2.251,2.185,2.731,2.081,2.255,2.249,1.757,1.383,1.649,
375,-2.019,-2.031,-3.093,-1.262,-1.113,-1.488,-1.205,-0.959,-1.307,-0.892,-1.217,-1.276,-1.543,-0.708,-0.927,-0.713,-0.875,-0.459,-0.718,-0.403,-0.724,-0.891,-0.807,-0.999,-0.622,-0.544,-0.691,-0.386,-0.427,-0.596,-0.667,-0.245,-0.366,-0.547,-0.380,-0.272,-0.303,-0.076,-0.152,-0.208,0.115,0.088,0.193,0.772,0.674,1.101,1.019,1.552,1.587,1.700,2.102,2.064,2.790,2.840,3.662,3.762,5.007,4.935,5.168,12.895,434.795,1492.699,1479.616,1471.978,1430.802,133.489,10.568,8.250,7.227,8.134,7.938,7.499,6.936,7.975,8.457,9.671,9.983,11.225,12.021,11.973,12.373,12.230,12.892,14.531,14.924,16.278,16.835,18.387,17.853,21.387,21.098,20.954,19.533,19.359,20.538,19.330,19.768,20.578,19.809,19.643,20.925,21.285,21.296,20.994,20.678,20.788,22.016,21.938,20.835,20.490,19.266,19.902,19.660,18.882,18.719,18.140,19.308,18.428,18.131,17.366,16.328,17.164,15.197,15.936,16.095,14.891,14.514,12.818,14.158,13.513,12.036,12.618,11.740,12.017,12.427,11.634,10.213,10.865,10.293,9.183,9.943,9.369,8.609,7.816,8.823,8.054,7.773,6.821,7.392,6.244,6.459,4.854,4.483,5.218,6.131,5.651,4.255,4.414,4.145,5.071,3.949,3.397,3.979,3.015,3.449,2.700,2.462,2.228,3.072,1.825,2.502,2.034,1.797,2.120,1.576,1.397,
380,-2.952,-1.828,-2.503,-2.322,-1.522,-1.327,-1.569,-0.797,-0.968,-1.314,-1.506,-0.655,-0.913,-0.986,-0.945,-1.121,-0.909,-0.959,-1.050,-0.728,-1.080,-0.751,-0.580,-0.789,-0.663,-0.626,-0.629,-0.280,-0.412,-0.485,-0.184,-0.413,-0.308,-0.704,-0.299,-0.353,-0.452,-0.440,0.066,-0.607,-0.378,-0.410,0.139,-0.107,0.233,0.341,0.526,1.063,1.045,1.934,1.540,1.891,1.828,1.429,2.401,2.760,3.239,3.983,3.673,4.617,5.285,6.220,49.784,1161.214,1412.942,1409.487,1410.989,722.916,21.039,8.073,6.978,7.842,8.384,7.788,8.561,7.392,7.529,9.442,8.397,9.521,10.263,10.277,9.429,11.399,11.133,11.215,12.939,13.221,14.225,13.965,15.772,16.496,18.619,18.037,19.667,17.272,18.753,16.609,18.437,18.429,18.149,18.303,18.938,18.845,16.845,19.179,18.188,18.403,17.628,18.615,18.195,18.392,18.856,18.068,17.332,15.775,16.506,17.311,15.845,15.803,16.291,15.314,15.783,13.982,15.843,13.268,14.043,13.990,12.230,11.758,11.614,11.142,11.896,10.631,10.818,10.125,9.161,10.402,8.407,8.699,9.814,8.534,9.050,8.247,8.532,8.317,6.303,5.886,7.281,6.108,6.692,5.415,5.476,5.332,4.635,3.821,4.255,4.900,4.682,4.079,4.061,4.136,3.869,3.390,3.094,3.929,3.349,2.360,2.685,2.281,1.900,2.080,1.437,1.313,1.306,2.208,
385,-2.367,-2.981,-1.811,-2.261,-1.536,-1.475,-1.588,0.850,-1.120,-0.880,-1.035,-1.182,-0.628,-0.444,-0.940,-0.988,-0.732,-0.673,-0.612,-0.560,-0.419,-1.020,-0.705,-0.885,-0.167,-0.766,-0.543,-0.673,-0.762,-0.598,-0.544,-0.827,-0.370,-0.143,-0.258,-0.366,-0.690,-0.269,-0.467,-0.334,-0.374,-0.308,0.142,-0.195,-0.250,-0.091,0.187,0.213,0.384,1.103,0.772,1.017,1.408,2.102,2.148,1.576,2.596,2.226,3.438,3.056,3.520,4.441,4.785,5.683,9.185,231.954,1399.726,1399.661,1399.353,1409.951,211.143,9.234,7.748,7.872,7.903,7.539,7.297,7.309,6.293,7.815,8.071,7.924,8.449,9.729,9.302,9.693,10.898,10.589,10.278,11.134,11.580,11.561,12.024,13.079,16.293,15.864,16.022,17.398,17.018,16.680,16.099,15.737,15.048,15.272,16.209,14.829,16.497,16.456,15.277,16.473,15.835,15.091,16.893,16.305,15.919,15.561,14.407,15.979,15.317,13.954,13.898,13.345,13.900,12.757,13.318,12.294,12.664,12.613,11.319,11.978,11.178,11.775,10.626,10.291,10.081,9.563,9.655,9.098,9.028,8.636,9.039,7.840,8.616,7.328,7.888,6.565,6.783,5.748,5.802,5.580,6.017,5.384,4.588,4.942,4.982,4.186,4.490,3.907,2.773,3.825,2.957,3.405,2.816,2.898,2.921,4.335,2.362,2.890,1.912,2.849,2.050,1.812,2.130,0.447,1.507,2.179,
390,-2.086,-2.871,-1.098,-1.320,-1.353,-1.107,-1.593,-1.932,-1.162,-1.784,-0.446,-1.360,-1.005,-0.994,-0.924,-0.526,-0.716,-0.993,-1.020,-0.889,-0.971,-0.722,-0.656,-0.573,-0.596,-0.639,-0.564,-0.589,-0.609,-0.477,-0.527,-0.540,-0.838,0.031,-0.343,-0.468,-0.441,-0.459,-0.365,-0.349,-0.315,-0.015,0.425,0.313,0.582,0.449,0.504,0.199,0.372,0.734,0.778,0.983,1.167,1.657,1.856,1.813,1.495,1.368,2.423,2.397,2.435,3.440,3.581,3.726,4.126,4.933,7.207,56.602,1075.106,1372.312,1383.253,1403.928,665.878,24.085,7.211,7.068,6.925,6.944,6.505,6.678,6.572,7.415,7.372,8.104,7.880,7.911,8.250,8.217,9.024,9.153,9.224,9.023,10.338,11.533,10.352,11.422,13.082,13.438,13.921,13.850,15.523,14.447,15.433,14.831,13.376,13.364,14.476,14.727,13.845,13.716,13.171,14.060,13.836,13.270,13.436,13.332,13.558,12.833,10.792,13.484,12.399,12.477,12.274,11.112,11.856,10.925,10.701,10.827,9.483,10.418,10.126,10.579,9.413,8.808,9.008,9.007,9.208,7.893,8.804,7.652,8.034,7.433,6.771,7.145,6.234,6.331,6.637,5.991,6.127,5.293,4.338,5.018,4.772,4.856,4.292,4.112,3.727,3.759,3.950,2.868,3.264,3.415,3.262,1.893,2.563,2.956,3.208,2.124,2.944,1.569,1.425,1.469,1.340,2.358,1.123,1.410,
395,-2.787,-2.650,-0.858,-2.381,-1.374,-0.975,-1.000,-0.861,-1.359,-1.274,-0.703,-0.951,-0.730,-1.033,-0.548,-0.876,-0.783,-0.569,-0.650,-0.034,-0.740,-0.926,-0.393,-0.806,-0.403,-0.414,-0.628,-0.628,-0.737,-0.555,-0.424,-0.658,-0.444,-0.513,-0.559,-0.243,-0.395,-0.385,-0.265,-0.210,-0.501,-0.331,-0.408,-0.173,-0.130,0.000,0.391,0.220,0.013,0.110,0.459,0.425,0.714,0.863,1.002,1.152,1.374,1.250,1.980,1.434,1.791,2.235,2.911,3.071,2.730,3.790,4.294,4.258,4.444,11.190,286.410,1277.449,1292.780,1306.990,1308.319,119.505,7.857,6.056,5.962,6.489,6.170,6.664,5.974,6.082,5.492,5.293,6.654,7.451,6.764,7.010,7.874,8.275,7.838,8.382,8.929,8.606,8.581,8.964,9.511,9.738,11.477,11.842,12.894,12.919,13.110,12.117,12.874,11.437,11.751,11.027,11.640,12.825,11.058,11.050,11.112,10.723,11.550,12.131,10.593,11.317,10.861,10.469,10.835,9.434,9.914,9.986,9.356,8.758,9.807,9.642,9.091,8.711,8.137,7.687,8.158,7.415,7.102,7.604,7.145,6.917,5.986,7.418,7.660,5.915,6.559,5.874,5.307,5.155,5.477,5.063,4.443,3.852,3.982,4.208,3.246,4.693,3.506,3.194,3.606,3.871,2.555,2.817,2.714,2.732,1.994,2.705,2.214,1.981,2.204,1.626,1.454,1.664,1.141,1.925,1.354,0.998,
400,-2.608,-2.607,-1.338,-1.271,-1.576,-1.086,-1.270,-1.153,-0.741,-0.950,-0.521,-0.975,-0.748,-1.206,-1.051,-0.892,-0.854,-0.498,-0.926,-0.265,-0.992,-0.782,-0.357,-0.936,-0.796,-0.523,-0.169,-0.626,-0.235,-0.283,-0.504,-0.228,-0.585,-0.349,-0.552,-0.408,-0.276,-0.241,-0.470,-0.336,-0.248,-0.305,-0.161,-0.301,-0.199,0.017,-0.122,-0.429,-0.006,-0.026,-0.098,0.108,0.266,0.176,0.414,0.643,0.625,1.492,1.054,1.481,0.958,1.436,1.715,1.672,1.848,2.298,3.274,3.335,3.668,3.714,3.959,5.448,53.409,909.393,1276.030,1285.590,1286.258,733.865,20.428,6.350,5.402,5.794,5.088,5.439,5.231,5.075,4.755,5.376,5.664,5.370,6.661,5.979,6.183,6.377,6.686,7.480,7.873,7.835,7.351,7.846,8.475,9.029,8.857,9.478,10.302,10.376,11.537,10.854,10.879,10.125,10.657,10.172,10.979,9.956,8.962,9.580,9.966,9.750,9.265,9.740,9.432,9.108,9.040,8.628,8.692,9.284,8.445,7.878,7.669,8.354,7.431,7.971,7.443,7.760,6.679,6.564,6.144,5.976,6.675,6.355,6.552,5.783,5.761,5.413,5.267,5.540,4.402,5.145,5.000,4.670,4.189,4.243,3.269,3.351,3.755,3.359,3.098,3.031,2.387,2.788,2.661,2.788,2.459,2.323,1.776,1.382,2.403,1.205,2.181,1.536,1.177,1.331,1.618,1.401,1.107,1.433,
405,-2.662,-2.076,0.104,-1.698,-1.459,-1.177,-1.330,-1.191,-0.392,-0.706,-1.090,-0.797,-0.793,-0.748,-0.885,-0.826,-0.872,-0.993,-0.537,-0.772,-0.404,-0.345,-0.656,-0.607,-0.340,-0.411,-0.496,-0.530,-0.832,-0.591,-0.579,-0.662,-0.360,-0.204,-0.440,-0.288,-0.504,-0.457,-0.425,-0.340,-0.380,-0.336,-0.388,-0.370,-0.350,-0.306,-0.475,-0.010,0.113,-0.200,-0.005,0.008,-0.225,0.028,0.279,0.177,0.220,0.126,0.777,0.985,1.139,1.207,1.472,1.417,1.894,1.900,2.181,2.096,2.592,3.075,2.815,4.104,4.093,4.136,12.016,444.598,1315.734,1315.405,1311.322,1216.804,74.717,6.738,5.250,4.765,5.626,4.905,4.480,5.130,4.126,5.286,5.451,5.887,5.458,6.095,6.087,6.659,6.629,6.367,7.215,6.891,8.056,8.639,8.315,8.142,8.500,8.217,8.677,9.319,9.770,10.391,10.610,9.937,10.349,10.200,9.476,9.801,8.465,8.778,8.557,9.107,8.191,8.706,9.053,8.195,8.762,7.398,8.177,8.002,9.063,7.918,7.161,6.635,7.435,6.553,7.045,7.123,7.917,7.036,6.686,5.668,6.020,5.777,4.776,5.768,4.670,4.945,4.205,4.820,5.042,4.084,4.120,4.275,4.120,3.237,3.747,3.253,3.073,3.089,2.396,2.873,2.788,2.161,1.804,2.256,2.667,3.023,2.270,1.886,2.125,2.107,1.109,1.235,1.417,2.013,1.187,0.990,
410,-4.075,-1.616,-2.593,-1.965,-1.421,-2.017,-1.473,-0.675,-1.355,-1.030,-0.681,-0.847,-0.426,-0.851,-0.655,-0.906,-0.488,-0.853,-0.696,-0.412,-0.459,-0.603,-0.570,-0.654,-0.466,-0.494,-0.678,-0.612,-0.317,-0.578,-0.383,-0.355,-0.523,-0.375,-0.170,-0.419,-0.349,-0.581,-0.587,-0.441,-0.295,-0.297,-0.535,0.018,-0.339,-0.248,-0.309,-0.053,-0.127,-0.116,-0.111,-0.125,-0.048,0.096,-0.052,0.289,0.062,0.205,-0.003,0.044,0.696,0.679,0.983,1.349,0.902,1.536,1.682,1.352,2.019,2.032,2.139,2.331,3.281,3.925,3.739,4.053,6.196,68.092,1126.476,1275.953,1264.553,1245.931,425.701,10.513,4.951,5.139,5.430,5.527,4.537,4.809,4.640,4.492,4.900,5.117,5.340,6.595,6.099,6.776,6.941,6.049,7.279,6.647,7.705,7.590,6.686,7.225,7.210,7.479,8.163,8.545,9.338,9.930,10.278,10.307,9.659,8.968,8.958,7.811,8.642,8.733,8.593,8.746,8.155,8.873,7.382,7.771,8.788,8.048,7.532,7.487,8.181,7.065,6.839,7.421,6.892,6.975,7.028,6.864,5.428,6.492,5.625,6.137,5.414,5.151,4.714,5.707,4.437,4.358,4.397,4.393,4.443,4.241,3.523,3.882,3.672,4.317,3.278,3.614,3.033,3.334,2.861,2.934,1.981,2.798,1.870,2.110,2.110,1.853,1.779,1.199,1.860,1.600,1.758,1.359,0.786,1.252,
415,-3.082,-1.869,-1.140,-2.135,-1.608,-1.302,-1.131,-1.008,-1.343,-0.949,-1.340,-0.554,-0.927,-1.008,-0.835,-0.850,-0.585,-0.854,-0.943,-0.627,-0.443,-0.594,-0.498,-0.286,-0.589,-0.196,-0.493,-0.663,-0.526,-0.195,-0.430,-0.354,-0.350,-0.382,-0.218,-0.315,-0.322,-0.548,-0.409,-0.339,-0.460,-0.549,-0.121,-0.433,-0.428,-0.288,-0.264,-0.045,-0.056,-0.083,0.039,-0.308,0.004,-0.141,0.195,0.135,-0.131,-0.003,0.046,0.094,0.032,0.497,0.489,0.539,1.335,1.058,1.310,1.103,1.432,1.773,1.480,2.142,1.886,2.946,2.549,3.202,3.635,3.247,4.635,11.151,355.315,1247.244,1226.946,1208.238,1067.204,77.784,5.145,3.986,4.643,4.208,4.237,4.634,4.572,4.002,4.482,5.352,5.109,5.583,5.389,5.683,6.873,5.648,6.299,6.560,6.585,6.839,7.427,6.871,7.900,7.766,7.821,7.407,7.039,7.796,8.751,8.073,9.385,9.402,8.149,8.514,8.131,7.152,8.032,7.680,7.616,7.703,6.445,8.004,7.739,7.346,6.737,5.975,6.414,7.867,6.492,6.001,6.290,6.547,6.178,5.513,6.001,5.362,5.193,4.734,5.994,4.215,4.291,4.709,4.022,5.075,4.229,4.123,3.046,3.711,3.887,3.151,3.696,3.795,2.827,2.858,2.611,2.809,2.237,2.841,2.019,2.935,2.488,1.406,1.506,2.068,2.099,1.370,2.000,1.033,1.448,0.780,
420,-1.873,-2.290,-1.457,-1.561,-1.253,-1.314,-0.711,-1.311,-0.700,-1.398,-0.884,-0.887,-0.885,-0.810,-0.849,-0.725,-0.579,-0.750,-0.493,-0.620,-0.499,-0.462,-0.485,-0.284,-0.465,-0.252,-0.691,-0.521,-0.533,-0.272,-0.393,-0.548,-0.412,-0.267,-0.378,-0.561,-0.644,-0.387,-0.465,-0.362,-0.259,-0.448,-0.323,-0.383,-0.361,-0.012,-0.235,-0.184,0.029,-0.299,-0.124,-0.113,-0.041,0.043,-0.004,0.112,0.014,0.172,-0.119,0.059,-0.106,0.133,0.156,0.210,0.336,0.701,1.081,0.874,0.685,1.060,1.313,1.501,1.847,1.724,2.508,1.981,2.375,3.008,3.336,3.396,2.802,6.241,96.715,1066.710,1110.126,1093.236,1077.934,216.292,7.632,4.361,4.177,3.945,4.216,3.706,4.415,4.185,4.429,4.141,4.582,4.896,4.928,5.695,5.139,5.779,5.835,5.757,5.750,6.135,5.848,6.224,6.017,6.553,6.189,6.878,7.723,6.714,7.576,7.496,8.064,7.877,8.527,7.897,9.025,6.696,7.625,6.670,6.820,6.086,6.375,6.211,6.063,6.102,6.265,6.292,6.255,6.158,5.504,5.659,5.271,5.119,6.126,5.213,5.724,4.386,4.679,4.265,4.355,4.454,3.955,3.537,3.215,3.139,3.289,3.195,2.938,3.203,3.046,3.564,3.039,2.581,2.952,2.440,2.159,3.011,2.474,1.797,2.547,1.853,2.035,1.690,1.387,1.653,1.138,2.061,1.669,1.029,
425,-2.378,-1.461,-2.573,-1.675,-1.621,-1.357,-1.625,-0.914,-0.822,-1.051,-1.202,-0.920,-0.601,-0.242,-0.957,-0.749,-0.907,-0.509,-0.384,-0.498,-0.400,-0.503,-0.576,-0.726,-0.259,-0.470,-0.296,-0.212,-0.623,-0.556,-0.070,-0.557,-0.374,-0.371,-0.477,-0.284,-0.331,-0.469,-0.366,-0.257,-0.279,-0.432,-0.399,-0.220,-0.371,-0.443,-0.204,-0.005,-0.367,-0.079,-0.045,-0.233,-0.145,-0.124,-0.134,-0.149,0.164,-0.200,-0.140,0.126,-0.035,0.060,-0.043,-0.032,0.267,0.355,0.425,0.370,0.661,1.098,0.642,1.002,1.113,1.578,1.820,1.850,1.488,2.005,2.208,2.363,2.543,2.512,3.257,3.987,14.331,402.842,1050.155,1038.649,1028.902,810.589,38.647,4.858,4.019,4.013,3.936,3.668,3.894,3.540,4.004,3.491,4.794,4.278,4.513,4.776,5.080,5.215,5.415,5.254,4.669,5.844,5.431,5.837,5.728,5.281,5.779,5.261,5.812,5.880,5.800,6.183,6.756,6.578,7.128,7.186,6.241,7.260,5.708,6.042,5.536,5.794,6.381,5.432,5.875,5.511,5.384,4.958,5.112,5.670,5.065,5.444,4.286,4.782,4.644,4.480,4.577,4.275,3.706,3.205,3.460,3.936,3.883,2.421,3.338,2.940,4.342,2.938,2.674,2.292,2.724,2.555,2.483,2.284,2.141,2.053,1.957,2.261,1.518,1.180,1.608,1.184,1.304,1.038,1.098,0.465,1.176,1.673,
430,-1.405,-1.175,-1.637,-1.854,-1.381,-0.406,-1.204,-0.910,-1.044,-0.831,-1.001,-0.896,-1.000,-0.621,-0.924,-0.716,-0.833,-0.883,-0.614,-0.614,-0.456,-0.717,-0.710,-0.394,-0.336,-0.364,-0.484,-0.650,-0.538,-0.405,-0.418,-0.583,-0.438,-0.050,-0.136,-0.358,-0.373,-0.384,-0.434,-0.388,-0.385,-0.166,-0.305,-0.429,-0.288,-0.240,-0.316,-0.358,-0.291,-0.211,-0.141,-0.113,-0.286,-0.128,0.124,0.048,-0.105,-0.161,-0.144,0.156,0.003,0.074,0.141,-0.077,-0.040,-0.084,0.012,0.088,0.257,0.520,0.630,0.549,0.705,0.905,0.976,1.318,1.158,1.660,1.582,1.514,1.879,1.771,1.966,2.062,2.280,2.774,4.040,71.611,838.083,960.957,953.136,946.202,269.008,8.728,3.004,2.948,3.523,3.418,3.978,3.286,3.953,3.897,3.797,3.725,3.781,4.342,4.169,3.929,4.301,4.347,4.811,4.072,4.779,4.396,4.470,4.966,4.426,4.928,4.461,5.117,4.908,4.906,5.532,5.766,5.858,5.537,6.315,5.989,5.391,6.320,5.688,5.705,4.912,4.786,4.898,5.015,4.658,4.412,4.210,4.679,4.771,3.273,4.915,4.265,3.778,3.360,3.869,3.506,3.599,2.581,3.218,3.470,2.667,3.255,2.836,2.379,2.200,2.472,2.306,2.197,2.524,2.012,2.499,1.382,1.539,1.405,1.714,1.122,1.349,1.307,1.222,0.994,1.185,0.898,1.368,0.819,
435,-2.888,-2.076,-1.324,-0.667,-1.729,-0.931,-0.826,-0.580,-0.466,-0.734,-0.967,-1.104,-0.545,-0.705,-0.947,-0.458,-0.698,-0.518,-0.584,-0.555,-0.640,-0.561,-0.416,-0.596,-0.469,-0.360,-0.384,-0.398,-0.488,-0.344,-0.357,-0.418,-0.344,-0.169,-0.514,-0.527,-0.338,-0.347,-0.236,-0.344,-0.361,-0.313,-0.330,0.007,-0.136,-0.330,-0.165,-0.343,0.059,-0.126,-0.089,-0.183,-0.071,-0.164,-0.124,-0.060,-0.012,-0.027,-0.303,-0.204,0.087,0.080,0.000,-0.054,0.009,0.102,0.157,-0.010,0.123,-0.010,0.423,0.304,0.383,0.660,0.963,0.847,0.797,0.765,0.886,1.179,1.145,1.137,1.756,1.690,1.792,2.089,2.216,2.254,2.606,10.928,358.081,890.208,887.267,886.068,702.639,33.180,3.878,3.116,3.020,3.211,3.140,3.207,2.801,3.410,2.946,3.557,3.579,3.317,3.435,3.549,3.890,3.635,4.032,3.801,3.763,3.825,4.130,4.110,3.905,4.085,4.058,4.160,4.419,4.700,4.654,5.046,4.217,4.880,4.656,4.779,5.297,4.896,5.260,4.717,4.791,4.209,3.692,3.411,4.052,3.797,3.664,3.787,3.567,3.404,3.659,3.554,3.864,2.752,2.854,3.195,3.104,2.464,2.837,2.802,2.625,2.931,2.430,2.879,1.767,2.147,1.930,1.431,2.698,1.894,2.026,1.100,1.396,1.151,1.344,1.618,1.095,0.790,1.203,0.858,1.115,1.161,
440,-1.606,-1.670,-1.606,-1.178,-1.434,-1.037,-0.848,-0.761,-0.324,-0.687,-0.713,-0.765,-0.533,-0.784,-0.556,-0.637,-0.600,-0.489,-0.589,-0.589,-0.605,-0.439,-0.497,-0.334,-0.308,-0.381,-0.403,-0.409,-0.426,-0.436,-0.198,-0.373,-0.276,-0.504,-0.468,-0.325,-0.332,-0.519,-0.047,-0.471,-0.354,-0.212,-0.347,-0.380,-0.203,-0.261,-0.333,-0.112,-0.028,-0.357,-0.219,-0.358,-0.003,-0.173,-0.178,0.014,-0.091,-0.165,-0.079,-0.194,-0.088,-0.041,-0.028,0.011,-0.023,-0.101,-0.191,0.070,0.139,0.195,0.023,0.277,0.164,0.612,0.795,0.621,0.710,0.798,0.448,0.541,0.716,1.106,1.138,0.909,1.320,1.402,1.152,1.645,1.511,1.807,2.155,3.024,45.661,705.303,817.886,817.533,819.165,228.889,6.298,3.721,2.945,2.900,3.245,2.909,2.756,3.018,2.982,3.024,2.970,3.262,3.315,3.080,3.089,3.359,3.432,3.368,3.129,3.511,3.925,3.289,4.090,4.033,3.940,3.841,4.018,4.019,3.569,4.330,3.800,3.958,4.136,4.189,4.031,4.296,4.921,3.786,3.821,3.852,3.462,3.657,3.074,3.141,3.573,3.169,3.048,2.764,2.899,3.240,2.810,3.142,2.745,2.967,1.955,2.670,1.668,2.392,2.345,1.878,2.049,1.672,2.022,1.454,1.876,1.783,1.534,1.465,1.473,1.716,0.982,1.310,1.674,0.982,0.550,0.700,1.028,0.821,
445,-2.016,-1.679,-1.200,-1.464,-1.192,-1.191,-0.786,-0.844,-1.150,-0.434,-0.961,-0.644,-0.748,-0.349,-0.504,-0.569,-0.411,-0.336,-0.501,-0.674,-0.595,-0.073,-0.335,-0.508,-0.652,-0.384,-0.426,-0.303,-0.565,-0.328,-0.339,-0.270,-0.347,-0.460,-0.334,-0.298,-0.306,-0.448,-0.148,-0.149,-0.346,-0.283,-0.177,-0.211,-0.208,-0.311,-0.283,-0.080,-0.243,-0.221,-0.232,-0.163,-0.416,-0.195,-0.111,0.000,0.077,-0.024,-0.113,-0.170,-0.033,-0.036,-0.078,-0.037,0.067,-0.012,0.055,-0.146,0.059,0.215,0.086,0.092,0.066,0.195,0.441,0.298,0.444,0.343,0.580,0.622,0.656,0.682,0.724,0.796,0.920,0.839,0.793,1.085,1.613,1.626,1.361,1.584,1.750,2.141,5.880,185.789,814.474,816.868,819.892,683.328,50.173,3.662,2.196,2.688,2.599,2.708,2.941,2.512,2.581,2.878,2.663,2.938,2.934,2.443,2.270,3.361,3.370,3.202,3.564,3.529,3.046,3.617,3.154,3.116,3.440,3.433,3.632,3.589,3.306,3.345,3.217,3.980,3.346,3.684,3.186,3.753,3.871,3.961,3.727,3.786,3.053,2.764,3.290,3.052,2.774,2.954,2.539,3.019,2.867,2.473,2.327,2.485,2.342,2.424,2.165,1.594,2.518,1.830,1.738,1.697,1.759,1.706,1.642,1.245,1.503,1.697,1.126,1.556,1.389,1.115,0.913,0.967,1.192,0.862,0.938,0.782,
450,-1.678,-1.733,-1.317,-0.982,-0.913,-0.640,-0.612,-0.737,-0.711,-0.697,-0.404,-0.555,-0.601,-0.188,-0.322,-0.392,-0.448,-0.283,-0.334,-0.533,-0.391,-0.351,-0.536,-0.383,-0.206,-0.467,-0.332,-0.051,-0.345,-0.542,-0.362,-0.414,-0.430,-0.254,-0.114,-0.323,-0.230,-0.231,-0.094,-0.198,-0.070,-0.077,-0.020,-0.258,-0.182,-0.099,-0.101,-0.070,-0.168,-0.077,-0.202,-0.114,-0.134,-0.089,-0.062,-0.079,-0.232,0.019,-0.030,-0.064,-0.060,0.013,-0.072,-0.091,-0.020,0.017,-0.003,0.286,-0.019,0.009,0.128,-0.013,0.122,0.095,0.126,0.119,0.126,0.186,0.323,0.331,0.411,0.602,0.747,0.370,0.807,0.805,1.024,0.803,0.713,1.144,1.088,1.191,1.269,1.146,1.579,1.334,2.388,34.943,563.233,722.577,725.357,728.041,197.264,7.306,2.653,2.075,2.181,2.462,2.508,2.555,2.161,2.464,2.283,2.098,2.072,2.570,2.372,2.502,2.653,2.656,3.098,3.072,2.788,2.851,2.981,3.117,2.806,2.523,3.037,3.023,2.907,3.172,3.155,2.899,3.258,3.155,3.128,2.937,2.945,3.682,3.569,3.225,3.143,3.329,2.441,2.522,2.726,2.577,2.688,2.388,2.348,2.506,2.408,2.262,2.126,1.879,2.060,1.956,2.091,1.709,1.491,1.504,2.059,1.345,1.744,1.644,1.496,0.944,1.257,1.658,1.200,1.087,0.803,0.674,0.944,0.494,
