"Summary"
"[Software Information]"
"Software Name:","LabSolutions RF"
"Version:","1.12"
"[Data Information]"
"Data is:","Modified"
"Sample Name:","AP02_080725"
"Sample ID"
"Option"
"Analyst"
"Date/Time:","30/07/2025 13:10:26"
"Comments"
"[Instrument Information]"
"Instrument Name:","Fluoro"
"Instrument Type:","RF-6000 Series"
"Model (S/N):","RF-6000 (A40245500667SA)"

"Parameter"
"[Measurement]"
"Spectrum Type:","3D"
"EX Wavelength Start:","240.0 nm"
"EX Wavelength End:","450.0 nm"
"Data Interval:","5.0 nm"
"EM Wavelength Start:","250.0 nm"
"EM Wavelength End:","600.0 nm"
"Data Interval:","2.0 nm"
"Scan Speed:","6000 nm/min"
"[Instrument]"
"EX Bandwidth:","3.0 nm"
"EM Bandwidth:","3.0 nm"
"Sensitivity:","High"
"[Attachment]"
"Attachment:","None"
"[Auto Print]"
"Auto Print:","No"
"Report File:",""

"AP02_080725.fs3f - CorrectionData"
"EX Wavelength/EM Wavelength",250,252,254,256,258,260,262,264,266,268,270,272,274,276,278,280,282,284,286,288,290,292,294,296,298,300,302,304,306,308,310,312,314,316,318,320,322,324,326,328,330,332,334,336,338,340,342,344,346,348,350,352,354,356,358,360,362,364,366,368,370,372,374,376,378,380,382,384,386,388,390,392,394,396,398,400,402,404,406,408,410,412,414,416,418,420,422,424,426,428,430,432,434,436,438,440,442,444,446,448,450,452,454,456,458,460,462,464,466,468,470,472,474,476,478,480,482,484,486,488,490,492,494,496,498,500,502,504,506,508,510,512,514,516,518,520,522,524,526,528,530,532,534,536,538,540,542,544,546,548,550,552,554,556,558,560,562,564,566,568,570,572,574,576,578,580,582,584,586,588,590,592,594,596,598,600,
240,-164.808,-131.743,-100.492,-110.748,-53.170,-57.775,-48.049,-42.684,-72.820,-70.319,-59.900,-57.519,-53.078,-58.628,-44.061,-37.838,-50.618,-48.940,-48.939,-43.427,-38.141,-27.314,-38.386,-37.403,-31.941,-24.056,-30.602,-32.006,-25.796,-25.813,-25.943,-30.565,-20.522,-23.270,-11.656,-19.981,5.612,0.205,15.554,17.478,4.201,12.380,10.541,35.454,12.761,13.729,11.286,17.823,20.061,33.107,15.638,27.352,21.913,14.257,19.025,19.658,24.736,24.778,24.840,21.091,16.876,20.409,27.522,15.969,26.033,25.999,30.083,33.342,30.178,31.692,31.101,33.543,29.554,27.603,20.222,26.912,23.743,29.205,40.448,24.979,29.309,28.517,45.083,42.343,38.587,33.793,41.216,34.999,31.852,31.391,27.627,33.246,49.216,20.542,38.217,34.713,31.325,41.308,28.661,24.071,26.745,32.628,26.362,12.992,30.697,12.483,23.145,27.697,19.493,32.272,19.187,28.738,43.450,140.876,260.574,362.067,343.836,171.143,43.035,8.344,7.098,8.011,11.141,5.031,8.204,6.234,8.425,-1.459,-4.188,2.193,-2.426,-6.042,3.632,-5.040,-3.114,1.641,3.159,5.729,3.708,-5.134,-8.502,-11.080,-10.034,-9.200,-4.529,-11.569,-26.637,-13.540,-5.942,-19.581,-7.603,-11.417,-20.912,-17.033,-24.311,-19.295,-23.004,-21.045,-29.609,-24.246,-30.907,-28.487,-31.533,-30.018,-36.512,-24.801,-36.842,-29.880,-24.836,-32.793,-35.401,-37.062,-31.920,-32.472,-34.801,-21.197,
245,-99.828,-87.126,-64.546,-59.836,-64.833,-63.224,-62.051,-37.542,-11.497,-5.271,-20.893,-35.766,-45.316,-38.642,-42.868,-30.767,-37.852,-36.499,-35.871,-32.151,-29.723,-23.395,-23.085,-22.644,-21.389,-25.434,-22.881,-22.717,-19.245,-22.102,-18.235,-20.640,-12.600,-11.108,-2.840,-3.053,11.603,3.126,16.976,4.157,8.157,13.342,21.032,21.832,18.158,30.236,38.002,35.133,17.684,21.304,16.888,14.972,25.293,30.719,36.333,40.666,29.746,28.753,23.013,32.246,37.165,20.623,23.950,25.967,25.997,39.125,30.930,30.417,21.120,33.233,29.939,36.674,26.066,31.977,28.578,34.637,42.233,41.191,42.490,36.923,43.588,45.266,38.730,36.866,32.714,23.722,42.464,43.464,31.746,37.401,26.628,39.926,37.917,34.171,33.778,31.623,28.448,31.545,40.837,37.928,31.634,38.838,30.085,31.137,34.595,28.146,22.851,29.351,27.028,24.815,23.892,20.564,14.674,17.560,27.403,19.743,21.584,57.723,138.913,224.674,306.561,256.485,146.044,47.200,12.148,9.401,14.246,14.195,11.792,9.601,4.243,0.875,1.899,8.025,-1.521,3.108,-0.688,-4.961,-0.091,4.583,0.232,-7.066,10.677,3.383,1.190,-3.058,-4.796,-13.949,-10.793,-1.692,-8.360,-16.855,-14.154,-13.474,-12.726,-14.597,-7.733,-23.741,-16.006,-18.223,-18.468,-13.448,-21.175,-25.824,-18.944,-26.318,-23.393,-31.191,-23.732,-24.291,-28.774,-18.788,-26.896,-26.328,-31.014,-26.415,
250,2575.016,1429.122,216.053,-46.557,-44.924,-49.321,-44.874,-45.964,-32.634,-34.083,-10.603,0.428,32.323,-6.239,-29.198,-27.456,-28.351,-23.120,-22.523,-23.489,-21.743,-22.308,-19.081,-22.079,-21.808,-19.237,-21.194,-15.680,-13.845,-23.560,-16.504,-19.927,-11.796,-3.076,-5.215,0.432,3.914,7.165,5.287,8.885,1.520,15.496,15.992,15.610,24.318,28.779,20.236,18.800,21.718,17.857,18.607,24.648,33.823,25.415,20.831,26.921,27.846,26.101,30.058,24.981,29.183,26.705,25.522,28.332,32.641,35.423,36.143,18.717,34.457,29.100,31.172,25.875,30.082,28.379,36.415,39.641,40.516,33.011,29.516,36.055,30.590,40.946,39.300,25.574,33.629,38.917,44.424,47.959,42.474,34.309,45.447,40.574,39.999,42.947,38.754,36.345,48.486,38.115,32.686,39.455,41.902,37.701,35.982,23.783,39.549,35.474,36.961,34.442,26.102,35.055,33.565,15.540,40.159,21.511,27.860,24.287,24.328,18.477,22.917,24.927,28.458,26.987,37.749,148.475,260.499,363.983,338.598,175.320,62.730,14.870,14.873,8.136,3.718,8.773,5.661,3.684,4.967,1.910,5.126,-8.010,2.667,-3.497,-2.518,3.702,6.296,4.997,5.773,-4.718,4.080,3.723,-0.294,2.686,-3.604,-4.086,-8.313,-3.844,-10.110,-10.183,-11.021,-9.451,-9.429,-15.319,-12.632,-9.953,-16.804,-12.490,-13.554,-20.421,-17.163,-16.496,-18.040,-15.081,-19.521,-21.551,-17.614,-26.328,
255,0.860,737.363,2333.159,2150.677,735.057,71.284,-31.194,-32.597,-42.158,-28.219,-32.154,-33.076,-27.194,5.632,18.440,15.394,0.293,-17.470,-16.900,-16.103,-19.356,-22.538,-22.963,-13.434,-11.745,-22.236,-17.836,-15.205,-9.467,-17.885,-13.480,-7.802,-7.869,-1.818,-4.705,-0.083,1.384,0.141,-3.800,0.148,5.378,12.722,10.278,6.289,14.328,20.498,17.237,12.443,25.526,17.581,17.809,25.761,16.710,24.785,19.883,28.884,23.289,26.210,26.590,27.010,32.299,29.302,36.439,34.046,28.080,32.512,40.536,37.917,38.817,28.091,33.186,43.121,33.905,47.077,45.403,43.790,46.044,50.537,41.844,43.126,58.484,47.449,52.331,50.850,45.761,59.679,62.321,46.330,57.232,57.814,56.214,50.023,50.655,44.080,47.645,46.969,51.340,53.457,43.327,44.864,55.871,50.523,49.365,50.767,53.989,56.757,49.120,37.292,46.171,41.785,39.146,39.498,40.385,45.837,38.844,36.340,26.525,38.894,33.652,29.214,31.709,33.378,38.950,32.914,17.874,24.633,33.696,52.890,150.144,330.790,513.528,459.382,236.520,91.242,31.093,13.498,25.582,14.660,-0.211,14.424,13.174,9.597,10.206,1.300,2.175,1.407,6.185,-3.837,2.206,3.867,3.439,-0.561,8.999,11.237,11.132,-0.299,-0.238,-2.717,0.931,-8.321,-12.483,-2.704,-12.081,-16.065,-8.721,-8.838,-15.096,-9.438,-8.380,-17.853,-18.008,-12.588,-15.074,-15.090,-11.130,-19.527,
260,-62.650,-54.521,-40.158,195.949,1257.979,2566.839,1618.626,359.352,-2.064,-26.514,-20.484,-14.111,-20.685,-20.667,-19.974,-7.091,8.126,19.008,29.837,5.522,-10.855,-12.648,-13.302,-12.658,-12.316,-11.171,-8.661,-8.173,-5.778,-4.537,-7.227,-3.023,-1.057,-6.356,-1.510,0.238,8.705,9.192,19.818,10.539,8.770,5.846,16.207,18.319,25.495,13.818,21.313,21.155,16.803,21.164,21.913,18.059,25.283,33.569,26.134,28.830,19.595,28.907,25.959,25.362,35.715,35.801,28.618,34.464,33.316,34.707,32.668,38.417,42.094,39.757,32.050,36.584,41.731,49.971,47.043,45.740,48.026,44.409,51.830,44.520,57.766,53.687,57.396,52.919,51.597,53.687,53.106,58.479,48.622,52.385,47.172,53.678,57.879,57.940,52.465,55.821,46.242,65.246,52.086,59.729,52.951,57.170,54.211,43.617,51.721,50.868,52.646,57.731,41.619,41.213,52.802,44.225,38.406,43.669,47.454,40.342,43.508,43.519,37.183,31.600,29.434,48.582,35.225,32.000,31.824,30.873,28.569,33.693,25.154,33.171,22.815,34.262,44.889,151.317,336.646,516.665,486.166,290.058,114.597,29.924,32.405,17.093,8.881,14.770,17.609,17.167,7.696,8.408,7.378,7.576,6.074,2.891,10.540,2.702,-3.057,11.190,-0.638,2.786,9.134,9.045,13.734,11.052,9.582,0.068,-2.419,-3.591,-4.999,-10.199,-12.564,-8.525,-9.735,-9.468,-6.672,-9.331,-9.409,-10.642,
265,-48.772,-41.039,-35.585,-22.807,-24.081,47.685,696.544,2253.276,2094.854,701.597,36.004,-13.054,-16.982,-12.711,-8.551,-15.209,-12.221,-11.674,-5.505,11.569,40.208,15.197,7.753,-1.573,-2.758,-7.053,-0.598,-3.714,-2.943,-5.350,-1.582,-2.114,1.565,-2.954,4.555,7.409,6.886,12.947,12.166,13.632,14.716,13.802,21.086,25.389,27.635,32.504,28.125,21.760,26.609,20.864,23.962,29.388,27.457,19.718,33.692,28.631,26.516,26.993,31.698,34.099,30.594,30.816,31.054,32.660,26.159,33.203,30.618,36.064,34.267,41.756,37.192,37.423,32.750,38.634,38.150,45.030,39.805,44.372,47.628,45.571,41.725,41.622,45.156,44.441,43.230,45.522,41.424,45.501,47.692,46.861,45.846,46.586,45.923,45.479,49.873,49.586,47.638,50.255,49.708,42.893,54.459,48.500,42.440,52.137,46.745,43.194,43.301,50.545,39.926,43.147,42.546,50.250,42.238,42.899,36.707,33.483,31.767,37.241,40.778,33.362,30.967,39.676,34.896,30.004,29.513,30.477,22.032,24.420,23.402,22.043,24.896,26.238,18.975,24.158,23.050,19.272,22.972,60.420,177.494,379.578,547.048,463.180,245.021,89.342,19.865,14.615,9.935,11.643,8.063,7.693,8.384,14.726,2.908,6.687,5.285,2.347,-1.994,5.479,-0.758,1.415,3.029,-2.162,1.665,-2.319,3.258,3.847,4.022,5.633,12.818,4.720,-2.576,-5.176,-2.488,-8.713,-5.275,-8.031,
270,-45.967,-28.126,-30.836,-23.866,-18.411,-19.883,-19.455,-9.925,241.627,1461.497,2512.370,1420.602,258.655,-0.654,-7.990,-5.720,-7.686,-5.982,-9.313,-5.656,-5.723,-1.992,17.646,24.654,35.055,8.525,2.963,-3.876,-0.093,0.507,1.920,-1.191,1.214,1.485,9.350,10.334,21.144,21.169,24.490,20.574,19.991,21.781,26.472,32.372,30.835,31.506,34.030,27.075,35.567,27.609,28.396,34.519,29.589,32.397,30.619,33.806,29.983,31.928,31.207,32.723,34.643,34.755,36.037,34.658,36.725,31.500,36.303,38.634,35.129,35.166,34.411,35.496,36.950,40.548,40.379,39.957,36.627,41.549,43.856,45.679,44.299,45.388,46.794,43.526,42.610,42.007,42.118,46.379,46.276,47.514,39.507,45.161,53.107,45.715,48.652,43.650,42.715,51.261,47.146,50.214,52.684,49.125,45.927,46.029,48.076,51.747,43.622,45.127,38.918,47.264,35.513,45.306,39.084,43.178,43.816,37.915,42.207,34.766,32.323,33.471,36.793,29.076,32.211,34.548,33.685,26.547,26.681,24.688,23.172,29.838,24.141,23.302,24.995,27.279,24.944,19.360,16.670,21.658,17.628,18.205,14.024,18.857,52.970,162.858,390.483,566.944,511.559,293.647,88.309,18.363,8.375,9.098,10.989,7.782,5.518,11.821,3.482,7.833,1.717,4.181,2.256,5.909,2.784,1.954,-1.664,7.791,-3.120,3.452,4.727,1.067,6.058,10.580,3.627,3.986,7.712,0.797,
275,-36.603,-34.883,-24.972,-22.978,-16.220,-16.601,-17.307,-14.220,-14.438,-10.989,48.769,772.839,2123.417,2036.701,556.688,42.945,-6.156,-7.779,-7.682,-3.875,-3.949,-3.273,-1.120,-1.538,3.638,22.350,36.220,40.854,17.847,12.350,6.755,4.512,5.616,7.528,12.003,19.334,23.869,26.217,25.698,24.292,29.822,29.652,36.726,38.220,36.684,41.738,46.430,36.859,39.799,38.586,36.785,33.915,41.709,39.257,40.266,38.476,34.110,38.287,35.834,41.091,36.358,28.435,38.903,33.888,41.371,35.416,41.520,40.608,30.206,35.640,37.617,33.496,37.793,38.300,38.443,38.423,40.799,33.156,40.941,47.531,41.665,37.333,39.965,39.284,44.664,40.740,46.903,43.246,43.458,50.326,41.391,41.994,39.688,46.543,47.217,45.216,51.111,45.421,42.725,45.550,39.588,44.415,40.401,47.351,39.523,47.000,37.776,42.338,40.399,36.505,37.867,41.174,41.932,35.225,33.853,39.071,37.944,33.716,30.576,32.827,28.791,35.064,30.362,29.468,29.414,29.700,28.691,24.561,23.735,25.330,26.630,30.531,25.431,26.137,21.348,20.131,21.278,20.800,20.171,20.631,19.303,14.976,10.212,11.812,15.976,11.594,15.081,50.936,206.949,433.240,583.776,498.476,241.007,80.133,18.414,6.009,8.156,4.942,7.111,5.572,3.181,1.938,1.352,1.031,-0.187,0.480,1.331,2.819,4.702,4.363,1.669,1.530,-4.296,2.712,0.848,4.264,
280,-28.977,-25.619,-19.368,-18.378,-16.200,-13.460,-10.829,-11.436,-13.425,-10.966,-6.560,-7.410,6.732,283.094,1637.006,2494.651,1204.203,155.162,3.321,-3.163,-1.080,-2.386,0.685,1.763,0.413,3.061,2.742,7.362,16.607,33.580,31.574,23.077,13.722,13.698,19.070,23.888,25.577,32.301,35.014,32.338,37.328,38.663,39.740,42.158,47.375,50.240,49.133,54.295,46.274,44.229,43.201,46.859,51.135,46.306,41.958,50.161,42.982,42.371,44.068,44.937,42.884,47.082,40.645,44.686,45.990,40.131,41.237,43.675,36.972,42.643,36.370,41.426,41.403,36.949,39.994,39.646,34.866,42.491,39.998,38.786,39.949,41.470,41.197,39.628,43.648,40.143,41.040,47.063,42.862,41.782,44.844,44.456,41.836,44.978,46.811,40.753,42.271,44.972,45.146,43.330,38.220,44.387,40.919,44.200,40.526,41.332,37.472,39.483,36.452,37.181,35.831,36.163,38.921,37.077,39.433,34.719,34.531,34.638,33.333,31.055,30.844,32.839,27.453,30.096,26.234,25.237,23.774,22.929,28.041,27.091,22.741,21.606,23.152,24.708,22.006,19.031,17.204,21.357,17.899,19.083,18.204,17.965,15.050,16.927,14.107,12.185,14.642,11.484,12.773,14.556,8.915,23.947,72.882,221.164,480.883,609.991,503.239,264.058,64.453,16.052,3.806,8.377,3.731,5.339,8.135,0.911,4.636,1.047,3.765,3.066,3.055,2.634,0.317,2.737,1.943,1.421,
285,-25.696,-23.337,-16.222,-11.571,-13.805,-13.017,-10.648,-9.692,-12.731,-9.824,-10.123,-7.075,-6.907,-3.840,-3.410,50.450,692.033,2367.509,2187.260,589.289,45.106,0.659,0.794,3.017,3.737,1.553,2.337,4.360,4.064,6.748,10.128,17.317,28.045,43.317,38.438,35.379,42.306,41.724,46.116,42.748,42.113,49.721,53.491,58.324,66.666,61.019,63.067,62.296,62.271,56.465,55.072,60.118,56.360,58.130,50.463,51.800,55.245,51.637,49.443,46.844,48.740,43.913,42.949,46.513,47.593,48.181,43.502,43.973,44.350,47.672,39.564,42.713,38.609,41.072,43.418,48.827,37.781,41.525,37.321,41.449,45.514,43.783,48.126,40.070,39.536,40.674,42.822,42.472,40.939,41.377,39.287,40.926,42.106,42.669,44.852,38.943,40.302,41.583,40.752,36.087,38.476,44.009,41.246,38.083,37.772,39.014,40.976,38.212,34.005,38.233,31.670,35.762,37.256,38.454,29.370,32.631,32.920,33.276,29.279,26.978,32.202,25.180,28.609,26.561,24.397,28.256,23.606,22.031,25.973,22.019,19.774,25.732,18.682,19.582,20.072,21.678,19.240,18.423,13.368,18.305,15.482,14.754,13.831,11.256,8.722,12.861,12.333,9.362,9.710,9.090,11.142,10.917,10.462,10.014,8.089,7.756,14.542,53.492,186.440,450.155,603.025,554.376,305.659,96.320,21.893,6.281,3.916,2.121,1.380,2.766,-1.075,-0.155,0.410,4.179,0.424,2.205,
290,-19.058,-16.202,-15.312,-13.280,-13.499,-10.320,-11.198,-10.383,-6.753,-8.300,-7.818,-7.549,-6.843,-7.807,-5.643,-4.765,-4.073,10.483,281.319,1669.674,2573.782,1256.469,148.570,8.101,2.976,-0.093,1.884,3.058,1.055,2.822,4.176,4.875,12.911,17.032,29.152,63.232,71.622,66.162,54.408,55.639,55.726,57.250,65.151,80.117,78.422,81.616,72.648,73.798,74.684,74.055,76.750,67.011,70.444,70.682,68.387,72.859,61.077,69.838,60.478,66.611,62.913,59.519,57.193,57.469,55.401,53.618,52.065,52.866,51.453,48.542,49.259,49.663,45.618,43.926,45.483,45.258,45.100,43.781,46.921,43.523,47.131,50.225,47.370,45.252,47.754,43.561,43.373,47.525,46.636,47.425,42.977,43.380,45.141,44.083,39.805,43.035,39.745,42.465,42.098,43.991,44.611,40.142,39.908,43.634,43.208,35.091,35.462,38.624,40.284,39.495,36.730,36.230,37.289,33.701,34.529,29.589,31.153,29.581,32.381,25.659,28.777,24.741,29.611,23.957,21.617,23.722,26.044,23.674,23.011,22.267,23.498,19.613,16.956,21.109,16.258,18.355,19.795,13.493,13.947,15.801,17.301,15.580,12.350,15.706,13.639,14.521,14.548,10.043,10.673,9.425,7.887,10.405,12.454,8.984,7.580,8.538,11.368,5.586,5.102,3.349,4.941,16.319,65.854,222.539,488.990,645.879,561.602,274.209,70.971,11.993,4.484,3.345,-0.757,1.313,3.057,-0.716,
295,-23.296,-19.461,-14.039,-10.103,-10.734,-11.104,-7.720,-7.553,-9.691,-6.937,-8.243,-6.677,-7.197,-6.766,-6.703,-5.504,-6.117,-2.067,-3.826,-1.768,84.832,825.691,2485.027,2059.660,540.560,39.541,-0.238,2.148,0.619,4.012,2.983,3.502,8.021,13.292,26.368,40.489,50.628,61.907,72.808,84.181,76.097,72.451,81.156,74.778,91.456,90.952,80.056,81.456,80.079,79.888,78.586,83.341,79.827,79.314,76.843,71.502,76.183,69.249,65.158,66.218,61.788,63.078,56.925,57.198,62.370,56.791,59.487,54.684,51.285,55.933,52.836,55.126,53.699,51.396,50.051,45.316,47.458,47.687,46.803,54.109,45.558,44.326,41.694,49.871,48.159,45.335,44.554,46.685,46.487,43.399,42.084,47.113,45.422,42.128,46.274,42.242,36.460,44.427,42.276,38.872,38.061,40.617,44.073,39.085,41.444,34.381,37.905,35.635,33.217,33.397,31.786,34.786,34.101,30.028,31.986,32.190,30.752,27.462,27.520,27.764,27.422,28.006,26.564,23.197,24.708,24.041,23.250,23.284,22.335,20.717,17.857,21.269,19.127,19.737,19.989,19.716,13.222,15.862,14.403,17.861,17.405,16.485,11.275,13.614,8.865,16.197,11.594,10.905,7.668,9.038,8.288,8.310,7.616,6.378,8.507,7.701,6.744,4.621,3.905,5.798,4.034,6.037,4.153,4.053,7.183,3.842,16.796,68.430,251.050,504.814,636.172,499.054,260.201,65.083,9.482,2.258,
300,-17.201,-16.169,-10.352,-7.412,-7.251,-10.382,-8.523,-8.897,-6.124,-7.158,-7.117,-5.965,-4.284,-4.567,-3.988,-4.184,-4.212,-4.805,-3.920,-2.263,-3.844,-1.687,8.479,208.895,1439.293,2641.328,1329.163,230.609,6.644,2.281,2.979,5.766,4.369,14.142,27.001,39.329,51.766,58.544,61.206,57.701,69.603,88.803,100.740,97.265,98.165,91.752,90.362,84.984,89.577,90.332,82.374,87.769,90.296,76.036,77.715,75.575,74.872,72.902,71.266,66.543,64.578,67.266,63.043,61.609,64.724,66.579,59.374,57.118,57.308,55.232,56.010,49.793,51.770,51.282,53.752,51.848,49.559,49.818,47.717,51.699,50.651,49.793,48.722,50.511,50.678,50.929,49.189,43.966,45.473,47.548,46.567,44.101,45.625,41.159,46.944,41.638,45.009,44.280,36.885,40.845,43.074,40.399,40.156,39.354,38.120,36.736,33.069,34.993,35.696,34.666,31.222,33.080,33.218,30.254,32.883,31.896,28.957,27.633,26.925,25.618,25.738,26.501,23.634,24.950,21.149,22.940,22.896,18.622,20.200,22.790,20.417,18.326,17.723,17.283,18.026,17.363,14.521,14.571,14.287,16.160,14.179,12.606,11.444,9.592,12.175,9.580,12.592,11.144,12.021,8.748,8.823,9.234,7.633,6.695,9.019,5.256,4.263,5.211,7.215,5.665,3.600,3.092,5.815,2.847,3.434,4.067,3.037,1.035,3.434,2.695,2.784,11.384,63.320,204.579,470.147,622.269,
305,-14.242,-14.224,-12.086,-8.686,-9.095,-7.333,-7.401,-8.093,-5.800,-5.456,-4.961,-6.246,-5.427,-3.585,-4.900,-3.861,-4.162,-3.542,-3.479,-3.312,-3.236,-3.178,-3.585,-1.888,-0.949,73.757,842.602,2293.748,2031.575,535.304,28.898,3.614,5.516,15.860,29.079,35.578,51.415,51.201,54.790,49.331,65.443,70.887,77.182,90.737,100.474,102.814,101.342,88.941,85.006,79.453,79.810,81.572,85.020,78.356,78.787,73.015,72.858,68.923,67.795,63.774,67.557,69.371,62.810,66.143,61.070,58.018,60.230,62.247,57.370,51.964,53.081,52.171,57.362,51.872,51.349,52.618,52.145,52.229,50.915,54.231,52.004,51.479,55.305,50.062,52.617,46.621,48.903,48.835,44.165,44.357,43.432,41.770,45.151,43.289,43.884,41.715,40.217,42.840,44.997,44.436,40.623,41.977,36.985,37.262,39.190,38.292,39.164,37.435,34.954,35.009,33.914,30.410,34.963,34.036,29.806,30.881,29.601,26.913,26.663,24.630,23.633,24.895,25.568,23.256,21.751,24.564,21.259,21.172,20.094,18.522,17.553,18.964,20.997,14.981,14.671,17.717,15.604,15.357,14.461,12.182,16.289,11.740,13.439,12.170,9.539,10.461,9.093,12.141,9.348,8.849,10.149,5.649,7.032,5.825,8.385,6.806,6.014,5.053,4.154,5.112,3.295,5.033,2.845,2.797,4.868,4.121,4.462,2.294,4.425,1.661,2.695,3.282,1.021,2.616,2.960,5.736,
310,-13.621,-13.538,-8.197,-8.508,-6.646,-5.639,-5.412,-6.050,-6.203,-6.260,-4.833,-4.461,-4.326,-3.145,-3.451,-4.001,-3.504,-3.344,-3.423,-3.259,-2.378,-2.474,-2.944,-1.564,-1.890,-1.121,-0.546,8.060,245.683,1447.240,2458.703,1244.387,178.782,13.472,21.036,31.147,38.209,39.083,41.594,43.779,43.335,51.468,62.993,68.000,67.964,67.180,76.241,76.038,83.049,74.380,69.297,69.733,65.588,68.201,62.788,63.046,59.342,58.689,57.846,54.624,56.652,55.901,58.177,56.781,54.653,56.749,52.803,53.960,54.074,52.090,51.745,48.365,52.591,51.930,51.935,53.561,50.945,51.412,48.530,50.190,50.838,51.769,49.903,48.625,50.525,47.431,49.638,49.732,47.684,47.107,46.979,45.199,47.114,46.484,45.484,42.837,42.201,45.070,42.871,44.151,40.058,42.793,40.982,43.395,41.672,38.919,36.446,37.448,36.018,35.229,32.484,32.270,31.125,30.753,31.643,30.917,28.907,26.575,25.542,30.049,24.578,23.815,25.061,23.576,23.079,20.183,21.626,20.599,19.880,19.197,21.648,17.157,19.119,14.882,15.486,16.440,16.209,14.110,14.425,13.151,13.300,12.992,13.605,12.421,10.998,8.262,9.294,8.270,11.080,8.696,7.687,8.544,9.326,6.717,6.017,4.898,7.469,4.944,5.743,3.763,4.491,5.229,3.975,5.595,3.886,2.591,3.451,4.590,3.163,3.121,0.703,1.044,3.443,1.773,3.031,0.397,
315,-11.363,-10.320,-7.927,-7.700,-6.824,-6.937,-4.879,-5.486,-4.374,-4.599,-4.295,-4.276,-4.155,-3.158,-3.286,-3.237,-4.101,-2.910,-3.091,-2.234,-1.918,-2.181,-2.295,-1.920,-1.212,-1.576,-2.381,0.029,0.078,-0.369,31.910,592.172,1969.948,2125.697,614.721,70.964,29.066,29.127,31.061,36.439,37.999,39.631,44.465,51.983,54.048,52.900,53.077,51.474,49.253,58.833,58.375,64.784,63.164,59.023,54.186,49.450,53.456,48.072,49.171,47.554,49.624,51.351,53.377,49.969,48.607,51.228,48.822,47.165,49.637,46.553,48.181,47.771,46.581,47.619,50.974,48.837,51.102,48.989,49.332,50.064,48.165,48.402,47.480,46.234,49.080,44.945,48.265,47.376,48.710,41.310,47.423,44.453,48.662,47.014,46.513,43.499,43.370,43.318,43.125,39.592,41.187,38.169,40.934,38.676,39.255,38.216,38.362,38.138,35.353,35.266,33.512,31.675,33.317,31.884,29.502,29.725,28.552,26.560,28.457,25.364,24.748,24.471,23.996,21.901,20.973,19.762,21.308,19.375,19.804,21.350,17.587,16.996,17.301,18.957,15.041,14.684,13.949,15.289,14.026,12.829,13.469,13.690,11.444,12.783,10.989,11.273,9.066,10.753,8.961,7.799,7.738,7.762,7.505,7.741,5.860,6.633,7.751,5.250,4.586,5.560,6.216,4.100,4.028,4.368,3.169,5.350,3.131,3.298,2.148,3.025,2.480,1.734,1.157,1.407,1.529,1.273,
320,-10.796,-10.798,-7.704,-6.443,-5.746,-4.480,-5.453,-4.423,-5.777,-4.599,-3.498,-3.690,-3.542,-3.555,-3.154,-3.385,-3.045,-2.820,-2.499,-2.893,-2.143,-1.995,-2.309,-1.834,-1.539,-1.912,-1.620,-0.477,-0.873,-0.129,-0.511,0.276,8.417,195.743,1311.197,2232.609,1158.447,162.895,20.147,20.510,20.143,22.561,25.438,28.234,29.664,32.159,32.909,31.645,29.031,32.860,31.720,35.148,41.014,40.576,46.418,43.070,42.235,39.755,35.350,35.578,35.672,37.611,37.180,40.773,41.322,40.016,44.031,41.492,41.126,41.776,43.519,45.729,43.158,44.067,45.651,44.722,46.544,48.880,46.175,43.631,48.307,47.224,48.070,45.473,48.374,47.035,47.157,42.831,43.123,44.669,48.440,43.187,45.633,43.026,43.145,41.809,42.818,41.253,41.141,39.908,41.169,40.430,40.797,36.907,37.799,39.820,37.187,34.473,33.085,34.952,34.443,33.061,31.539,30.664,30.378,27.329,28.993,28.307,25.084,24.456,26.833,24.880,23.969,24.864,19.535,20.679,20.088,19.470,19.760,20.085,18.236,17.852,16.180,17.031,13.589,15.558,16.823,12.054,11.752,12.425,12.718,11.849,11.078,11.134,11.206,9.360,9.883,10.071,9.036,8.280,9.714,6.928,8.496,8.132,8.461,5.129,6.975,5.432,5.827,5.360,4.665,4.351,4.365,5.250,2.761,3.935,3.693,2.233,3.077,2.607,2.155,3.775,1.739,1.492,0.599,2.162,
325,-8.154,-7.260,-5.524,-5.848,-4.811,-5.663,-4.508,-4.037,-4.476,-3.924,-3.662,-2.838,-3.212,-1.895,-2.698,-2.295,-2.576,-2.447,-2.634,-2.126,-2.228,-2.734,-1.526,-1.767,-1.536,-1.680,-1.241,-1.217,-1.085,-1.128,-0.878,-0.795,-0.489,0.848,0.844,26.055,490.528,1831.423,1880.328,536.294,34.204,5.667,5.577,6.905,7.307,6.803,7.084,7.935,9.321,10.023,11.389,12.562,14.226,18.089,17.339,21.172,26.236,31.812,31.591,30.608,27.318,27.318,28.304,30.501,32.932,32.109,32.468,33.603,37.512,34.896,37.404,37.100,36.546,39.827,42.479,40.672,42.098,41.505,45.487,44.683,44.544,44.278,43.129,44.545,44.546,43.886,43.444,43.541,44.011,44.238,46.324,44.673,42.896,42.921,43.388,43.879,41.822,42.218,41.974,43.022,40.020,38.093,38.297,37.811,37.913,38.164,38.481,34.815,33.161,33.998,32.410,32.359,29.231,29.758,27.697,27.227,25.995,27.362,24.550,26.119,24.215,23.984,22.032,23.444,22.574,20.483,17.591,19.252,20.283,16.423,17.458,16.226,16.053,16.493,16.346,15.739,14.864,14.441,14.346,12.253,13.507,12.325,10.721,11.517,11.518,9.370,9.022,9.601,9.783,6.651,7.775,7.978,5.914,7.027,5.729,3.696,5.642,7.027,5.188,5.600,5.340,5.213,3.891,3.710,4.164,1.766,2.694,2.963,3.425,0.984,4.181,2.386,1.733,1.842,1.511,0.749,
330,-10.348,-6.619,-6.116,-5.539,-4.762,-4.592,-4.219,-3.401,-2.904,-3.489,-2.865,-3.095,-2.476,-2.778,-3.074,-1.796,-1.668,-2.632,-1.874,-2.066,-2.371,-1.865,-1.795,-1.568,-2.258,-1.213,-0.937,-1.477,-1.054,-1.768,-1.032,-1.031,-0.253,-0.863,-0.126,-0.447,0.253,5.928,132.930,1021.293,2042.975,1147.212,156.850,6.212,2.820,2.625,3.283,4.411,3.825,5.587,6.984,8.371,9.313,10.099,10.651,11.604,14.059,16.366,18.249,24.074,30.482,32.185,29.659,26.117,27.396,27.535,28.169,30.406,32.343,29.709,34.482,37.381,34.582,39.870,37.985,36.844,37.004,39.987,41.754,42.164,45.135,44.618,42.388,44.237,42.061,41.969,41.961,43.471,43.231,43.286,42.865,41.996,41.742,41.145,42.075,40.505,38.394,39.506,39.418,38.962,39.781,37.583,39.749,37.359,38.030,37.163,36.779,32.896,33.217,33.040,33.919,31.708,30.987,30.132,31.443,28.784,27.347,28.835,26.770,24.862,26.026,22.529,20.827,24.230,21.690,18.892,21.355,18.907,19.776,18.857,16.400,18.851,16.274,16.179,15.398,15.239,13.671,13.779,12.748,12.824,14.187,11.539,11.811,12.151,10.390,10.062,8.329,9.901,8.594,9.071,8.450,8.122,6.943,6.455,5.482,7.428,6.008,6.710,6.102,5.301,5.489,5.148,4.392,4.628,3.743,3.438,3.790,2.855,3.670,3.590,2.917,2.278,1.624,0.989,1.341,0.899,
335,-6.371,-6.662,-4.917,-4.899,-3.693,-4.141,-4.093,-3.287,-3.381,-2.766,-2.031,-1.751,-2.660,-2.459,-2.731,-2.093,-2.576,-2.615,-2.365,-1.752,-1.983,-1.911,-1.599,-1.564,-1.540,-1.597,-1.157,-1.072,-1.108,-1.697,-0.957,-0.786,-0.898,-0.663,-0.446,-0.614,-0.570,-0.048,0.237,0.559,45.631,509.262,1743.983,1644.778,424.989,22.268,2.836,2.967,2.652,3.117,5.046,5.298,6.459,7.817,8.708,10.620,10.427,12.606,15.150,16.036,17.298,20.417,22.844,28.822,31.523,30.465,31.069,29.337,27.705,29.988,31.732,34.014,34.057,33.081,34.229,37.659,35.430,36.938,39.438,38.298,41.232,39.401,42.990,40.322,43.139,40.236,41.939,43.399,41.476,42.254,41.173,40.693,39.503,41.656,40.740,40.443,42.224,41.640,37.997,36.547,40.154,37.969,37.216,38.377,37.376,36.467,33.556,34.163,33.145,32.838,34.379,30.875,29.759,29.449,30.078,26.699,26.371,26.563,25.100,28.417,22.426,22.847,24.029,22.826,20.403,20.695,19.566,19.566,21.046,17.457,17.039,19.291,17.927,15.665,14.076,14.918,13.752,13.524,13.095,12.780,12.426,10.461,11.724,11.315,11.305,10.584,10.364,8.593,9.133,8.391,6.861,7.262,7.349,7.026,6.487,6.586,6.494,4.802,4.689,4.429,6.604,5.344,4.058,3.948,3.507,4.233,3.114,3.584,3.036,1.932,1.798,2.239,1.854,2.204,2.148,2.021,
340,-6.449,-6.346,-3.593,-4.843,-4.488,-3.762,-3.193,-3.583,-3.165,-2.422,-2.551,-1.927,-2.042,-2.258,-2.453,-2.111,-1.974,-1.895,-2.034,-2.309,-1.803,-1.736,-1.597,-1.611,-1.725,-1.465,-1.207,-1.370,-1.329,-0.790,-1.252,-1.107,-0.648,-1.086,-0.526,-0.728,-0.598,-0.585,-0.473,-0.216,0.119,-0.010,4.013,149.689,1006.203,1901.734,999.605,133.594,4.982,3.098,3.767,4.305,3.839,5.805,6.307,7.025,7.859,9.997,10.797,13.805,13.517,16.254,16.973,19.450,18.632,25.435,28.890,31.026,32.747,28.879,27.602,28.691,27.344,28.919,32.161,34.319,32.770,33.014,34.672,35.037,37.180,38.990,37.987,39.802,36.725,39.111,36.886,40.612,39.249,38.375,39.890,39.862,40.858,39.777,38.862,39.568,40.094,36.603,40.311,38.524,36.967,37.760,35.777,36.197,37.791,34.797,34.202,33.710,33.406,31.970,30.211,31.695,30.444,29.301,27.786,28.925,27.052,27.816,26.372,24.631,23.455,23.231,23.750,22.818,20.632,22.613,20.508,19.733,17.485,20.015,15.853,15.825,16.240,17.417,13.422,14.611,15.685,13.809,12.354,12.174,11.827,12.611,11.398,11.067,9.680,10.359,9.298,9.190,8.070,7.191,7.907,7.655,8.086,7.293,7.486,5.560,5.382,6.228,4.757,5.902,5.139,4.539,4.224,4.544,4.075,3.850,4.057,2.669,3.068,2.804,2.134,2.375,2.113,1.352,2.030,1.345,
345,-6.015,-6.196,-4.342,-3.263,-3.823,-3.715,-2.325,-3.231,-3.448,-3.139,-2.529,-2.117,-2.264,-2.059,-1.994,-2.085,-1.799,-1.753,-1.773,-1.357,-1.667,-1.506,-1.686,-1.508,-1.376,-0.866,-1.301,-1.209,-1.233,-1.261,-1.202,-0.742,-1.068,-1.050,-1.203,-0.908,-0.858,-0.649,-0.310,-0.936,-0.374,0.106,-0.148,-0.150,0.117,37.638,492.303,1595.236,1470.271,356.124,20.352,3.061,3.622,4.210,4.527,5.599,5.666,6.309,8.042,8.974,11.255,12.620,13.754,14.453,16.941,17.224,20.183,20.245,21.274,26.957,28.560,32.989,31.609,29.315,28.074,30.292,29.895,29.641,30.989,33.712,34.441,34.983,34.366,36.801,34.375,36.757,36.392,37.680,38.026,38.061,37.812,36.873,37.227,37.038,39.453,37.293,35.181,36.392,36.689,38.133,35.929,36.417,36.382,33.202,36.129,34.194,35.628,32.262,32.953,30.401,30.526,29.200,28.778,28.542,29.563,27.279,26.898,24.678,25.046,23.850,24.425,21.578,22.762,22.212,19.584,20.169,19.608,20.438,20.396,18.190,17.011,17.454,16.194,16.317,14.739,15.327,12.738,14.235,12.798,13.591,11.387,11.863,10.664,11.321,10.074,10.814,10.231,9.607,7.139,9.030,6.644,7.661,7.499,8.039,5.904,5.901,5.936,6.749,6.562,5.139,4.980,3.737,3.983,3.034,3.661,3.448,3.024,2.615,3.192,2.906,1.594,2.263,3.818,1.813,1.287,2.097,
350,-6.589,-4.485,-4.111,-3.879,-2.805,-2.729,-3.599,-3.000,-2.018,-1.593,-2.333,-1.402,-2.381,-2.159,-1.751,-1.622,-1.514,-1.746,-2.012,-1.418,-1.798,-1.533,-1.246,-1.394,-1.639,-1.240,-1.093,-1.426,-1.454,-0.835,-0.744,-1.419,-1.003,-0.514,-0.712,-0.892,-1.068,-0.661,-0.657,-0.834,-0.691,-0.527,-0.126,-0.203,0.276,0.266,-0.010,7.666,213.198,1189.944,1783.682,693.806,70.884,4.116,3.634,3.757,3.634,4.690,5.962,6.800,8.206,9.222,10.135,11.711,11.645,14.475,15.455,14.914,17.744,18.070,19.907,23.152,28.220,28.670,30.163,29.134,28.332,26.624,28.240,29.262,29.604,32.667,31.317,32.584,34.498,32.958,33.602,34.626,34.105,34.889,38.010,36.860,34.933,34.892,36.159,36.386,35.858,36.356,35.253,34.237,34.875,34.261,35.556,32.558,33.039,34.435,34.949,32.179,30.562,30.220,29.938,28.472,27.272,27.882,27.333,25.875,25.217,24.140,24.958,24.661,22.421,23.588,21.707,22.119,21.724,22.332,19.507,21.049,19.313,17.787,17.351,16.572,15.538,16.443,15.254,12.273,11.734,13.197,12.719,13.056,13.642,11.554,11.045,10.977,9.140,9.130,10.181,8.149,8.272,8.400,8.371,7.426,8.010,6.105,5.189,5.665,6.347,5.427,4.752,5.871,4.936,3.800,3.500,5.149,4.264,3.557,4.078,2.026,3.613,2.079,2.509,2.404,1.765,1.919,1.378,1.015,
355,-6.270,-5.482,-4.415,-3.473,-3.128,-2.567,-2.305,-2.268,-2.378,-1.970,-2.439,-1.980,-1.788,-1.892,-2.034,-1.797,-1.698,-1.362,-1.370,-1.120,-1.426,-1.487,-1.639,-0.678,-1.426,-1.301,-1.017,-1.336,-0.848,-0.739,-0.831,-0.806,-0.907,-0.744,-1.138,-0.737,-0.853,-0.418,-0.600,-0.893,-0.734,-0.713,-0.521,-0.443,-0.071,0.254,-0.137,0.160,0.277,0.716,34.375,529.093,1557.873,1358.148,308.455,18.469,2.990,3.080,3.986,4.709,5.482,6.530,7.243,7.770,8.073,10.892,10.999,11.516,12.132,13.231,14.478,16.209,18.427,17.963,21.401,22.813,29.424,27.900,29.078,28.238,30.114,27.974,28.755,28.276,29.893,28.290,28.497,31.866,30.623,30.042,32.772,32.171,33.468,30.957,35.073,33.328,33.658,33.512,32.838,32.057,33.525,30.718,32.363,32.148,31.496,29.544,30.380,31.357,30.208,28.697,30.924,26.357,27.280,28.352,26.961,25.588,23.966,24.620,24.896,21.684,22.910,21.583,20.782,21.665,19.523,17.829,20.157,19.080,17.452,17.547,15.362,15.642,15.763,13.884,15.197,12.630,14.270,12.844,13.111,11.844,11.350,10.039,11.038,9.282,9.789,7.846,9.967,9.121,8.335,9.041,8.107,6.320,6.263,5.937,5.848,6.654,7.064,5.684,5.489,4.489,4.653,5.196,4.027,4.281,4.089,3.649,3.953,3.421,2.344,2.259,2.479,1.725,3.061,3.210,1.344,1.859,
360,-6.164,-4.426,-3.088,-3.093,-2.639,-2.219,-2.278,-2.039,-2.318,-2.006,-2.070,-1.476,-1.757,-1.239,-1.428,-1.458,-1.587,-1.459,-1.008,-1.238,-1.423,-0.873,-1.371,-1.022,-1.205,-0.875,-0.550,-0.741,-1.270,-0.924,-0.571,-0.823,-1.210,-0.685,-0.424,-0.724,-0.653,-0.732,-0.617,-0.975,-0.159,-0.722,-0.468,-0.782,-0.361,-0.293,0.217,-0.218,0.248,0.387,0.330,0.644,8.948,179.689,1083.212,1637.135,752.416,94.658,4.566,2.855,3.520,4.623,3.923,4.890,6.188,6.381,7.931,8.878,10.232,9.947,11.778,12.839,14.498,14.830,15.047,17.904,17.371,19.566,22.435,26.761,28.078,27.950,27.099,25.346,26.897,26.775,26.018,28.959,28.641,28.494,28.886,29.393,29.278,28.943,31.315,31.722,30.455,30.453,31.432,30.513,28.624,29.424,28.952,29.233,28.039,29.978,26.186,28.520,30.730,26.834,28.102,27.329,26.652,26.468,24.802,24.224,24.953,22.830,23.157,21.289,21.317,22.267,20.425,19.981,19.309,18.000,17.234,17.269,17.622,16.294,15.097,15.241,14.674,13.542,13.529,13.235,13.912,12.287,11.361,11.754,10.520,11.567,11.558,9.509,10.381,7.800,9.830,8.663,8.731,7.371,7.667,6.950,6.359,6.533,5.747,5.899,5.408,5.123,5.470,6.430,5.187,4.640,4.191,4.616,2.971,3.744,2.772,3.336,2.601,2.656,2.341,2.786,2.875,2.145,2.025,1.616,
365,-5.052,-4.179,-3.679,-3.268,-3.168,-3.074,-2.092,-2.198,-1.606,-1.473,-1.334,-1.783,-1.525,-1.570,-1.639,-1.220,-1.632,-1.448,-1.367,-1.375,-0.814,-1.247,-0.837,-1.053,-1.454,-0.775,-1.227,-1.173,-1.069,-0.877,-0.914,-1.041,-0.993,-0.866,-0.712,-0.667,-0.648,-0.707,-0.532,-0.819,-0.863,-0.475,-0.599,-0.566,-0.249,-0.466,-0.229,-0.481,-0.367,-0.263,-0.113,-0.126,0.175,0.454,1.242,50.691,446.398,1466.997,1299.677,296.911,15.013,2.456,3.015,3.227,3.677,4.327,4.912,6.243,7.159,7.168,8.879,10.178,10.102,11.864,12.857,12.659,15.561,15.837,17.154,18.572,18.869,21.591,23.952,25.383,26.854,25.865,24.075,22.941,23.140,24.593,24.923,26.069,26.922,27.381,27.229,26.766,26.673,28.316,29.434,30.114,28.601,25.696,26.226,29.112,27.196,27.815,28.533,26.926,26.889,25.455,26.046,26.653,24.905,24.223,24.880,24.052,23.559,20.821,21.637,19.335,20.066,20.371,18.743,18.259,18.940,18.861,16.609,18.232,17.233,16.992,16.539,15.576,14.699,15.232,13.615,14.346,12.155,12.454,12.428,11.067,11.061,9.486,9.726,9.164,9.211,8.988,7.657,9.506,7.365,7.486,8.035,6.711,5.673,6.588,6.285,6.877,6.563,4.493,4.629,5.582,4.630,3.418,3.306,4.115,3.214,3.275,2.542,3.112,3.061,2.976,2.293,2.307,1.754,2.117,2.453,2.511,
370,-5.858,-4.153,-3.050,-2.759,-2.333,-2.276,-1.661,-2.309,-2.091,-1.798,-1.673,-1.405,-1.675,-1.037,-1.708,-1.197,-1.309,-1.369,-1.497,-1.394,-0.877,-0.970,-0.885,-1.384,-1.144,-1.016,-0.849,-1.104,-0.754,-0.863,-1.120,-1.023,-0.910,-1.023,-0.776,-1.019,-0.797,-0.612,-0.895,-0.874,-0.687,-0.681,-0.349,-0.724,-0.561,-0.366,-0.358,-0.567,-0.308,-0.228,-0.505,-0.370,-0.032,0.060,-0.033,0.167,0.347,5.256,128.883,883.186,1562.334,857.730,119.941,4.824,2.939,3.372,3.127,3.857,4.925,4.874,5.975,6.352,7.004,7.443,8.758,11.285,10.923,11.421,12.864,13.478,14.825,15.441,17.699,16.811,17.788,22.384,23.096,23.496,24.796,22.958,23.267,22.032,23.126,24.410,24.417,24.411,25.409,24.751,24.711,26.577,25.043,25.656,24.478,26.642,24.527,24.146,25.077,25.364,24.144,24.918,24.575,23.449,23.263,22.118,24.235,22.830,22.370,20.205,19.327,21.325,20.235,19.610,17.793,18.428,18.619,17.323,18.023,16.198,15.609,15.888,14.755,15.003,14.042,15.365,14.004,14.017,13.557,11.825,11.971,10.466,10.973,9.486,10.553,9.118,8.970,8.195,9.195,8.052,8.426,7.854,5.957,5.710,6.554,5.667,5.136,6.416,5.302,6.069,5.627,4.921,3.941,3.968,4.335,3.880,2.990,3.165,3.982,2.752,3.451,2.641,3.123,2.692,1.913,1.833,2.401,1.097,
375,-4.985,-4.508,-2.915,-2.861,-2.166,-1.747,-2.125,-1.971,-2.301,-1.750,-2.126,-1.542,-1.365,-1.355,-1.454,-1.711,-1.207,-1.304,-1.227,-1.377,-1.042,-0.831,-1.082,-1.051,-1.009,-1.107,-1.087,-0.968,-0.820,-1.143,-0.781,-0.911,-0.792,-0.966,-0.801,-0.821,-0.938,-0.772,-0.836,-0.824,-0.733,-0.735,-0.728,-0.779,-0.596,-0.625,-0.804,-0.369,-0.401,-0.438,-0.473,-0.203,-0.288,-0.438,-0.233,0.104,0.288,0.169,0.015,1.291,53.188,421.251,1373.499,1200.240,316.300,18.253,2.648,2.852,3.076,3.148,3.508,4.490,5.800,6.433,6.292,7.402,7.976,8.481,10.398,11.861,11.178,12.427,13.515,14.602,14.295,15.086,16.191,18.256,18.788,21.117,21.615,22.007,21.673,21.836,21.157,21.700,22.544,23.145,23.117,23.343,23.726,23.080,23.267,23.692,23.354,23.346,24.826,22.647,24.318,22.621,22.879,21.586,20.984,22.800,21.816,19.792,21.564,20.466,19.035,18.686,18.610,18.060,18.900,16.751,16.160,16.435,14.926,15.853,13.866,15.384,13.872,13.554,13.745,13.303,13.569,12.230,11.273,11.086,10.956,11.236,10.451,9.307,10.304,9.684,9.341,8.887,8.407,8.756,7.451,7.149,6.742,6.866,6.027,6.557,4.949,5.228,5.486,4.999,4.444,5.000,3.976,4.607,4.797,3.977,3.589,4.337,3.625,3.469,3.391,2.097,2.363,2.254,2.847,2.361,1.722,0.735,
380,-3.771,-4.305,-2.950,-2.776,-2.970,-2.536,-2.392,-1.858,-1.913,-1.508,-2.002,-1.532,-1.525,-1.467,-1.092,-1.457,-1.463,-1.209,-1.324,-0.661,-1.294,-0.928,-1.065,-1.135,-1.066,-0.666,-1.165,-0.951,-0.946,-0.915,-0.920,-0.731,-0.733,-0.632,-0.688,-0.901,-0.878,-0.651,-0.931,-0.626,-0.689,-0.798,-0.511,-0.552,-0.716,-0.585,-0.567,-0.588,-0.562,-0.570,-0.420,-0.452,-0.311,-0.161,-0.100,-0.458,-0.363,-0.222,0.280,0.174,0.086,0.244,6.217,168.438,894.348,1460.802,693.031,88.785,3.926,2.451,2.951,3.324,3.479,4.123,4.411,5.248,5.726,6.756,7.820,8.572,8.961,10.567,10.372,11.452,11.530,12.682,12.640,13.873,14.511,15.128,17.199,17.904,19.501,19.045,20.112,19.892,19.063,20.487,19.586,20.491,19.009,20.680,20.301,21.583,20.445,20.676,21.358,20.598,20.321,21.405,20.368,18.907,19.049,21.123,19.078,19.086,18.506,18.806,17.897,16.484,16.999,16.799,16.201,15.731,15.948,15.165,15.320,14.024,15.015,12.938,13.496,13.881,13.172,13.358,11.237,11.219,11.591,11.164,9.907,10.993,9.908,9.351,9.023,8.731,10.167,8.487,8.480,8.022,6.333,6.309,6.129,5.858,6.322,5.036,4.373,5.821,4.359,5.174,4.272,4.251,4.230,4.484,4.250,3.727,2.643,2.929,3.393,2.560,2.878,2.775,3.038,2.263,2.343,1.912,2.657,1.381,
385,-4.900,-3.854,-3.424,-2.434,-2.986,-1.832,-2.328,-2.075,-1.801,-2.039,-1.625,-1.822,-1.181,-1.545,-1.649,-1.135,-1.189,-0.809,-1.028,-1.149,-1.276,-1.061,-0.874,-0.954,-1.080,-1.028,-1.062,-0.836,-0.977,-0.949,-1.023,-1.079,-0.909,-0.780,-0.620,-0.490,-0.912,-0.763,-0.668,-0.649,-0.628,-0.689,-0.792,-0.452,-0.582,-0.619,-0.692,-0.688,-0.589,-0.371,-0.615,-0.596,-0.341,-0.636,0.040,-0.348,-0.481,-0.581,-0.264,0.021,0.084,-0.007,-0.241,0.436,0.719,25.823,389.451,1229.149,1238.571,345.345,25.102,2.249,2.774,2.783,3.062,3.663,3.285,4.392,4.719,6.051,6.113,7.500,8.183,7.939,8.922,9.843,10.226,10.464,10.854,12.175,11.893,13.563,13.395,14.659,15.932,16.160,17.561,17.351,17.762,19.301,16.324,17.353,18.416,19.156,18.696,17.289,17.504,17.698,17.556,16.284,17.446,19.077,16.917,16.762,17.597,17.311,16.718,16.915,15.345,16.742,15.130,15.294,14.905,13.857,14.972,13.340,13.515,12.863,12.108,12.896,13.342,11.941,10.744,10.988,10.258,9.580,10.221,8.811,10.038,9.783,7.956,9.442,8.990,8.629,7.440,8.591,6.415,7.379,6.894,6.273,6.668,6.301,5.169,5.601,5.234,4.884,5.466,3.959,3.888,3.964,3.651,3.794,3.856,3.289,2.881,2.820,2.891,2.233,2.432,2.641,1.973,2.911,2.005,1.678,1.648,1.448,
390,-5.187,-3.645,-3.814,-2.226,-1.692,-1.838,-1.713,-2.008,-1.312,-1.275,-1.604,-1.695,-1.704,-1.478,-1.308,-1.054,-1.267,-1.338,-1.208,-1.056,-1.193,-0.688,-1.014,-1.049,-0.733,-1.154,-0.596,-1.073,-0.860,-0.998,-0.908,-1.012,-0.744,-1.050,-0.450,-0.768,-0.666,-0.642,-0.774,-0.743,-0.587,-0.793,-0.806,-0.548,-0.605,-0.751,-0.681,-0.550,-0.354,-0.354,-0.553,-0.360,-0.477,-0.359,-0.203,-0.239,-0.373,-0.465,-0.062,-0.285,-0.352,-0.237,0.098,0.299,0.155,0.270,0.512,5.985,142.132,844.644,1410.111,708.736,80.400,4.345,1.672,2.294,2.207,3.069,2.891,3.537,4.122,5.460,4.719,5.681,6.317,6.604,7.195,8.362,8.989,8.742,9.551,10.343,10.404,11.586,11.833,12.628,11.912,12.592,15.269,15.366,15.391,15.817,15.280,15.008,14.868,15.883,16.259,13.899,14.451,14.850,15.332,15.764,14.657,14.472,14.375,14.109,14.150,14.736,15.190,13.039,14.260,14.584,13.883,13.405,12.808,13.766,12.334,12.186,12.415,10.976,10.229,9.778,11.169,10.583,9.219,9.105,9.471,9.526,8.008,8.871,8.662,8.331,7.391,7.354,7.591,6.486,7.109,5.702,6.396,5.678,4.778,4.884,4.878,4.373,4.699,4.157,3.772,4.487,4.060,3.348,3.534,3.209,2.685,2.843,3.001,2.566,2.662,1.583,1.514,1.809,1.708,1.747,1.771,2.046,1.344,0.708,
395,-5.118,-3.255,-3.056,-2.406,-1.495,-1.997,-2.167,-1.952,-1.861,-1.816,-1.774,-1.114,-1.367,-1.155,-1.284,-1.225,-1.147,-1.048,-0.987,-0.590,-0.653,-1.033,-1.224,-0.649,-0.846,-0.928,-0.875,-1.003,-0.739,-0.812,-0.622,-0.746,-0.722,-0.935,-0.652,-0.654,-0.585,-0.422,-0.320,-0.278,-0.433,-0.594,-0.605,-0.512,-0.441,-0.474,-0.486,-0.628,-0.586,-0.478,-0.433,-0.527,-0.550,-0.533,-0.448,-0.335,-0.554,-0.235,-0.164,-0.356,-0.363,-0.458,-0.017,-0.118,-0.145,0.001,0.021,0.326,0.359,0.997,31.703,363.985,1212.110,1128.465,278.575,13.644,1.994,1.730,2.033,1.955,2.454,3.129,3.428,3.386,4.910,5.156,5.057,5.354,5.777,7.245,7.676,8.059,8.279,8.283,8.997,9.298,9.628,9.443,10.268,10.401,11.652,12.516,13.479,14.575,13.731,13.830,13.981,12.967,12.405,13.092,13.152,12.260,12.211,12.257,12.976,12.122,12.572,12.073,10.979,10.853,11.037,11.731,11.502,11.820,10.594,10.347,9.953,10.709,10.509,9.103,8.502,8.960,10.270,9.025,8.337,9.144,8.427,7.701,7.240,7.462,6.787,6.393,6.638,6.368,5.867,5.657,5.672,5.856,5.981,5.451,4.970,4.235,3.786,3.887,3.591,3.862,3.706,2.984,3.399,3.228,2.513,3.077,3.615,2.490,2.707,3.001,2.594,2.493,1.994,2.113,1.613,2.176,1.051,1.140,1.356,0.852,
400,-3.981,-3.195,-2.019,-1.549,-1.999,-1.736,-1.846,-2.074,-1.899,-1.145,-1.451,-1.310,-1.218,-1.164,-1.149,-1.222,-0.836,-1.206,-0.975,-0.907,-0.719,-1.075,-0.767,-0.881,-0.926,-0.779,-0.796,-0.760,-0.740,-0.583,-0.757,-0.706,-0.768,-0.787,-0.494,-0.594,-0.440,-0.662,-0.624,-0.750,-0.466,-0.573,-0.546,-0.661,-0.516,-0.309,-0.581,-0.577,-0.408,-0.411,-0.501,-0.437,-0.568,-0.425,-0.210,-0.331,-0.109,-0.186,-0.340,-0.260,-0.276,-0.310,-0.361,-0.158,-0.106,-0.163,0.173,0.156,-0.118,0.109,0.103,0.142,5.621,104.499,713.881,1274.331,655.297,84.080,3.162,1.533,1.446,1.969,2.392,2.683,2.868,2.873,3.514,4.074,5.176,4.557,5.095,5.280,6.177,6.306,6.343,7.267,6.865,8.627,8.509,8.272,8.713,8.145,10.446,9.820,10.606,10.854,12.046,12.171,11.844,11.335,10.467,10.623,10.485,9.723,10.790,10.219,9.788,10.699,10.233,10.105,10.053,9.934,10.496,9.897,9.500,9.128,8.238,8.425,9.515,8.356,8.148,8.334,8.628,7.945,7.139,7.406,7.041,7.242,7.242,6.754,6.173,6.295,6.026,5.268,5.984,5.757,4.740,4.900,5.463,3.999,5.117,3.631,3.735,3.970,3.862,2.958,3.944,3.492,3.517,2.473,2.057,3.582,2.186,1.909,2.808,2.181,2.176,1.896,1.912,1.777,1.846,0.958,1.074,1.264,0.990,1.237,
405,-4.126,-3.421,-2.499,-2.200,-1.370,-1.516,-1.794,-2.061,-1.773,-1.357,-1.144,-1.442,-1.064,-1.586,-1.221,-0.865,-0.949,-0.739,-0.864,-0.564,-0.966,-1.117,-0.891,-0.611,-0.895,-0.724,-0.759,-0.825,-0.678,-0.862,-0.756,-0.580,-0.801,-0.762,-0.807,-0.755,-0.631,-0.626,-0.547,-0.676,-0.635,-0.640,-0.551,-0.532,-0.361,-0.454,-0.623,-0.452,-0.524,-0.351,-0.371,-0.540,-0.443,-0.357,-0.373,-0.281,-0.470,-0.537,-0.108,-0.396,-0.381,-0.183,-0.368,-0.125,-0.174,-0.126,-0.186,-0.132,-0.292,-0.015,-0.002,0.320,0.373,0.212,1.491,45.894,391.887,1206.591,1141.857,289.219,10.895,1.826,1.427,1.943,1.929,2.105,2.513,3.142,3.219,3.772,4.545,4.654,4.659,4.869,5.575,5.944,6.230,6.647,6.596,7.908,8.126,7.824,8.698,9.019,9.472,8.853,8.802,10.091,11.527,10.341,11.718,10.763,11.372,9.853,10.274,9.663,9.113,9.259,9.832,10.258,9.175,8.666,9.121,8.775,9.109,8.981,8.489,9.399,7.866,8.310,8.613,7.827,7.606,7.309,7.641,7.455,6.811,7.127,6.961,5.678,6.383,5.626,5.766,5.684,5.810,4.387,5.072,4.767,4.772,4.662,4.744,3.891,4.238,4.066,3.861,3.596,2.703,3.059,2.286,3.288,3.068,3.073,2.804,3.033,2.251,1.759,2.428,2.321,1.668,1.488,1.844,0.847,1.045,1.687,1.014,1.148,
410,-3.427,-3.136,-2.614,-2.269,-2.287,-1.870,-1.844,-1.743,-1.793,-0.997,-1.514,-1.424,-1.200,-1.192,-1.167,-1.105,-0.727,-1.073,-1.114,-1.150,-0.752,-0.795,-0.716,-0.859,-0.602,-0.905,-0.821,-0.876,-0.800,-0.916,-0.882,-0.711,-0.793,-0.549,-0.699,-0.569,-0.547,-0.518,-0.578,-0.590,-0.462,-0.628,-0.533,-0.691,-0.466,-0.606,-0.389,-0.442,-0.526,-0.604,-0.065,-0.431,-0.467,-0.415,-0.484,-0.318,-0.334,-0.442,-0.455,-0.241,-0.229,-0.311,-0.295,-0.242,-0.261,-0.234,-0.275,-0.204,-0.011,-0.045,-0.235,0.018,0.069,-0.093,-0.113,0.365,0.511,7.393,174.353,917.399,1297.735,486.768,42.974,1.851,1.722,1.785,1.576,1.937,2.879,3.330,3.455,3.978,3.857,4.061,4.209,5.608,4.872,6.053,6.210,6.122,7.187,7.028,7.468,6.790,7.671,8.177,8.536,8.429,9.386,8.242,9.514,10.143,10.355,10.880,10.400,10.194,9.239,9.862,9.135,8.401,8.641,8.865,9.514,8.770,8.984,8.474,8.092,8.030,8.511,8.345,8.450,7.436,7.396,8.310,7.023,7.141,7.092,7.152,5.498,6.347,6.372,5.730,5.935,6.671,5.031,5.281,5.119,4.516,4.513,4.960,4.141,4.342,4.737,4.219,3.656,3.282,3.356,3.314,3.492,4.169,2.974,2.367,2.873,3.240,2.198,3.297,2.343,1.891,2.212,2.118,2.086,1.736,1.592,1.072,2.025,0.988,
415,-3.455,-2.218,-2.166,-2.739,-1.641,-1.514,-2.010,-1.600,-1.514,-1.661,-1.393,-0.944,-1.194,-0.636,-1.146,-0.968,-1.222,-0.989,-0.880,-0.686,-0.652,-0.893,-0.943,-0.808,-0.859,-0.955,-0.537,-0.675,-0.760,-0.901,-0.804,-0.579,-0.459,-0.598,-0.611,-0.657,-0.855,-0.632,-0.721,-0.505,-0.606,-0.641,-0.544,-0.342,-0.441,-0.462,-0.521,-0.443,-0.381,-0.514,-0.507,-0.539,-0.236,-0.339,-0.303,-0.413,-0.491,-0.287,-0.569,-0.371,-0.440,-0.110,-0.151,-0.342,-0.283,-0.352,-0.290,-0.144,-0.284,-0.238,-0.302,-0.283,-0.161,-0.181,-0.194,0.065,0.263,0.415,0.034,1.234,37.536,410.876,1034.572,784.292,162.148,8.982,1.410,1.550,1.906,1.734,2.799,2.038,2.940,3.257,3.107,4.312,4.078,4.677,5.113,5.268,5.552,6.067,6.908,6.302,6.370,6.387,7.752,6.783,7.485,7.785,7.092,7.575,7.750,9.665,9.323,9.009,9.661,9.325,8.948,8.816,7.959,8.662,8.369,7.865,8.339,7.627,7.442,8.314,7.334,7.136,7.809,7.200,7.145,6.826,6.577,7.097,7.278,6.882,6.689,6.153,6.166,6.623,6.902,5.533,4.691,4.970,5.497,3.640,4.739,4.149,4.486,3.918,4.082,4.425,3.868,3.548,3.118,3.449,2.091,3.197,3.061,2.408,2.054,2.054,1.947,2.577,1.869,2.215,1.866,2.138,1.750,1.759,1.136,1.663,1.139,1.366,
420,-3.980,-2.564,-1.690,-2.242,-1.640,-1.522,-1.195,-1.326,-1.583,-1.298,-1.416,-1.215,-0.790,-1.079,-0.783,-0.993,-1.037,-1.030,-0.955,-0.910,-1.032,-0.818,-0.630,-0.902,-0.856,-0.631,-0.515,-0.955,-0.498,-0.591,-0.701,-0.625,-0.662,-0.640,-0.596,-0.553,-0.409,-0.474,-0.507,-0.333,-0.463,-0.589,-0.528,-0.332,-0.454,-0.502,-0.522,-0.387,-0.481,-0.319,-0.419,-0.219,-0.493,-0.360,-0.193,-0.245,-0.338,-0.241,-0.183,-0.349,-0.343,-0.205,-0.381,-0.215,-0.410,-0.383,-0.369,-0.210,-0.174,-0.092,-0.282,-0.282,-0.162,-0.005,0.094,-0.129,0.037,-0.009,-0.011,0.166,0.450,0.782,9.684,172.014,739.299,948.152,337.103,25.482,1.931,1.533,1.802,1.981,2.081,1.999,2.446,2.971,3.520,3.517,4.083,4.220,4.747,5.042,4.671,4.831,5.251,6.736,5.900,5.801,6.033,6.531,7.436,6.962,7.347,6.122,7.121,7.352,7.545,8.815,8.203,8.542,7.414,7.846,7.363,7.211,6.826,7.821,7.670,6.371,6.722,7.153,6.729,6.209,6.752,6.775,6.481,6.531,6.210,5.818,6.308,5.194,5.736,5.005,4.731,5.439,4.520,4.213,4.214,4.994,3.661,4.271,3.634,4.364,2.954,3.092,3.371,3.488,3.220,2.610,3.350,2.645,2.090,2.984,2.613,2.465,1.859,1.761,1.613,1.859,1.486,1.256,1.414,1.849,0.981,1.271,0.872,1.371,
425,-3.770,-3.114,-2.176,-1.845,-1.870,-1.880,-0.916,-1.239,-1.491,-1.475,-1.228,-1.189,-0.982,-1.136,-0.998,-1.150,-0.959,-0.705,-0.534,-0.880,-0.766,-0.824,-0.843,-0.909,-0.848,-0.770,-0.678,-0.468,-0.680,-0.469,-0.691,-0.604,-0.664,-0.427,-0.626,-0.424,-0.464,-0.448,-0.508,-0.511,-0.467,-0.285,-0.548,-0.406,-0.477,-0.398,-0.471,-0.495,-0.473,-0.391,-0.245,-0.425,-0.352,-0.317,-0.357,-0.419,-0.372,-0.405,-0.078,-0.251,-0.424,-0.340,-0.255,-0.403,-0.209,-0.252,-0.437,-0.355,-0.221,-0.309,-0.161,-0.129,-0.180,-0.189,-0.147,-0.057,-0.141,-0.051,-0.071,-0.104,-0.003,-0.031,-0.030,0.354,1.582,39.232,349.752,820.982,584.043,99.746,4.311,1.056,1.303,1.566,1.988,1.898,2.365,2.778,3.001,2.859,3.187,3.498,3.714,4.194,4.368,4.534,4.646,4.573,5.770,5.097,5.626,6.440,5.136,5.340,5.738,5.980,6.531,5.800,5.621,6.889,7.261,6.572,6.567,7.315,6.886,6.324,6.556,5.745,5.728,5.972,5.775,6.342,5.446,5.851,6.148,4.665,5.157,5.357,5.129,5.499,4.935,3.941,4.080,4.763,4.970,4.355,3.974,3.447,3.934,4.090,3.232,3.029,3.430,3.384,3.373,3.211,2.516,2.342,3.019,2.004,2.157,2.287,2.384,1.703,2.362,2.689,1.645,1.234,1.023,0.774,1.093,1.179,1.475,0.826,0.459,0.887,
430,-2.961,-2.455,-2.251,-2.119,-1.419,-1.408,-1.176,-1.181,-1.581,-1.139,-1.061,-0.802,-1.097,-0.750,-1.066,-0.959,-0.973,-0.861,-0.959,-0.808,-0.842,-0.763,-0.571,-0.816,-0.794,-0.541,-0.584,-0.838,-0.744,-0.669,-0.666,-0.424,-0.452,-0.532,-0.711,-0.621,-0.491,-0.325,-0.440,-0.394,-0.407,-0.430,-0.198,-0.430,-0.468,-0.427,-0.388,-0.442,-0.486,-0.549,-0.461,-0.334,-0.350,-0.325,-0.217,-0.298,-0.376,-0.347,-0.293,-0.270,-0.383,-0.377,-0.371,-0.245,-0.325,-0.366,-0.208,-0.198,-0.335,0.083,-0.186,-0.289,-0.248,-0.146,-0.135,-0.257,-0.201,-0.060,-0.268,-0.139,-0.102,0.122,-0.166,0.031,0.277,0.246,0.269,7.419,101.943,510.058,674.026,282.372,28.516,1.583,1.443,1.305,1.807,1.598,2.124,2.529,2.497,2.370,2.708,3.699,3.661,3.599,3.609,3.731,3.653,4.231,3.756,4.487,4.622,5.465,4.694,5.087,5.717,5.183,5.137,5.016,5.612,5.102,5.403,5.543,5.388,5.909,6.023,5.685,5.828,5.690,5.181,5.159,5.552,4.568,5.244,4.478,4.515,4.695,4.611,4.497,4.619,4.980,4.193,4.146,3.677,3.930,3.907,3.682,3.506,2.936,3.308,2.948,2.527,2.916,2.646,3.125,2.151,3.149,2.685,1.905,2.101,2.476,1.528,2.114,1.852,1.587,1.319,1.595,1.446,1.897,0.970,1.100,1.149,1.093,1.073,1.083,
435,-3.616,-1.490,-2.019,-1.584,-1.444,-1.578,-1.698,-1.158,-1.330,-1.308,-0.971,-0.810,-0.830,-0.831,-0.868,-0.826,-0.839,-0.774,-0.602,-0.504,-0.697,-0.783,-0.489,-0.579,-0.593,-0.730,-0.812,-0.541,-0.557,-0.549,-0.400,-0.598,-0.541,-0.401,-0.371,-0.403,-0.407,-0.581,-0.065,-0.388,-0.464,-0.313,-0.434,-0.284,-0.338,-0.498,-0.420,-0.513,-0.398,-0.301,-0.374,-0.262,-0.497,-0.239,-0.430,-0.409,-0.272,-0.314,-0.242,-0.392,-0.262,-0.337,-0.314,-0.360,-0.370,-0.320,-0.180,-0.173,-0.300,-0.129,-0.210,-0.205,-0.043,-0.322,-0.221,-0.240,-0.119,-0.163,0.066,-0.244,-0.218,-0.118,-0.241,-0.176,0.068,0.174,0.085,0.033,0.198,1.700,35.191,249.771,613.667,423.829,90.166,4.484,1.456,1.187,1.401,1.863,1.823,2.140,2.077,2.228,2.662,2.539,2.879,3.364,2.860,3.170,3.208,3.796,3.792,4.317,4.306,4.624,4.789,3.869,3.450,4.045,4.502,4.079,4.121,4.553,4.648,4.405,4.780,4.431,5.248,4.976,4.929,4.781,4.672,5.161,4.640,4.331,4.594,4.164,4.284,3.637,3.653,4.060,4.021,3.900,3.719,3.618,3.033,3.838,3.267,3.117,3.190,2.528,2.572,2.599,2.376,2.953,2.576,2.139,2.523,1.920,2.372,1.808,2.085,1.793,1.690,1.270,1.659,1.870,1.182,1.304,1.195,1.008,0.962,0.976,1.268,1.051,
440,-3.194,-1.505,-1.983,-1.490,-1.244,-1.232,-1.458,-1.109,-1.149,-1.160,-0.610,-1.057,-0.953,-1.059,-0.854,-0.852,-0.545,-0.465,-0.501,-0.634,-0.606,-0.498,-0.516,-0.488,-0.564,-0.577,-0.480,-0.511,-0.325,-0.503,-0.505,-0.493,-0.526,-0.377,-0.266,-0.367,-0.416,-0.351,-0.237,-0.405,-0.420,-0.413,-0.358,-0.350,-0.437,-0.413,-0.257,-0.235,-0.294,-0.173,-0.330,-0.403,-0.240,-0.273,-0.209,-0.320,-0.176,-0.214,-0.223,-0.174,-0.242,-0.318,-0.226,-0.225,-0.166,-0.210,-0.040,-0.327,-0.182,-0.217,-0.323,-0.123,-0.252,0.002,-0.174,-0.288,-0.020,-0.139,-0.137,-0.172,-0.178,-0.232,-0.093,-0.067,-0.199,-0.018,-0.075,0.114,-0.014,0.099,0.257,0.307,4.310,89.866,390.589,556.733,218.430,24.415,1.435,1.294,1.143,1.482,1.610,1.420,1.693,1.909,2.050,2.295,2.278,2.163,2.248,2.473,2.897,2.565,3.257,3.161,3.209,3.151,3.357,3.742,3.691,3.837,4.338,3.709,3.852,3.820,3.498,3.954,3.834,4.181,4.114,4.292,4.833,4.947,4.360,4.633,4.154,4.190,3.835,3.498,3.548,4.053,3.028,3.571,2.850,3.083,3.242,2.842,2.793,2.865,2.750,2.646,2.308,2.547,2.194,2.270,2.051,2.110,1.989,2.346,1.550,1.735,1.369,1.595,1.816,1.669,1.812,1.558,1.767,1.292,1.448,0.839,0.877,0.781,0.779,0.692,
445,-2.526,-2.592,-1.786,-1.063,-1.660,-1.331,-1.312,-1.311,-1.227,-1.284,-0.600,-0.910,-0.957,-0.736,-0.911,-0.969,-0.650,-0.726,-0.665,-0.608,-0.619,-0.651,-0.612,-0.654,-0.673,-0.487,-0.547,-0.659,-0.654,-0.500,-0.517,-0.433,-0.452,-0.435,-0.347,-0.412,-0.306,-0.366,-0.408,-0.240,-0.287,-0.253,-0.291,-0.348,-0.296,-0.266,-0.261,-0.233,-0.224,-0.246,-0.370,-0.280,-0.118,-0.194,-0.269,-0.254,-0.318,-0.162,-0.241,-0.246,-0.290,-0.239,-0.280,-0.223,-0.201,-0.236,-0.196,-0.269,-0.222,-0.308,-0.032,-0.107,-0.237,-0.273,-0.155,0.060,-0.183,-0.036,-0.167,-0.112,-0.080,-0.146,-0.227,-0.098,-0.050,-0.076,-0.000,-0.122,-0.119,-0.079,0.055,0.160,0.028,0.244,0.634,17.458,184.593,489.181,403.124,91.805,6.057,1.032,0.966,1.276,1.412,1.429,1.300,1.671,1.771,1.794,2.053,2.214,2.575,2.175,2.256,2.618,2.412,3.109,3.050,3.080,3.449,3.165,3.374,2.908,3.006,3.785,3.896,3.422,3.196,3.424,3.510,3.759,3.187,3.485,4.038,3.794,3.654,3.683,3.998,4.201,3.961,3.231,2.672,3.025,3.611,2.699,2.233,2.890,2.552,2.838,2.522,2.833,2.684,1.889,2.353,2.140,1.907,1.939,2.192,1.545,1.831,1.707,1.219,1.551,1.333,1.441,1.114,1.181,1.091,0.958,0.978,1.033,1.402,1.036,0.683,0.467,
450,-2.560,-1.504,-1.607,-1.219,-1.219,-0.997,-0.978,-0.841,-1.348,-1.066,-0.731,-0.879,-0.644,-0.636,-0.668,-0.689,-0.528,-0.534,-0.591,-0.509,-0.596,-0.507,-0.642,-0.374,-0.592,-0.519,-0.385,-0.541,-0.551,-0.418,-0.468,-0.450,-0.357,-0.301,-0.397,-0.219,-0.351,-0.406,-0.371,-0.275,-0.345,-0.212,-0.354,-0.263,-0.322,-0.233,-0.241,-0.369,-0.096,-0.156,-0.256,-0.181,-0.303,-0.162,-0.115,-0.130,-0.116,-0.198,-0.062,-0.101,-0.182,-0.222,-0.118,-0.003,-0.232,-0.166,-0.190,-0.205,-0.060,-0.038,-0.207,-0.127,-0.221,-0.108,-0.176,-0.085,-0.185,-0.218,-0.264,-0.036,-0.187,-0.082,-0.056,-0.109,-0.085,-0.038,-0.041,-0.095,-0.138,0.050,-0.038,0.126,-0.019,-0.031,-0.070,0.067,0.438,3.408,58.756,316.640,488.606,210.122,19.583,1.478,0.958,1.008,1.120,1.027,1.311,1.439,1.329,1.845,1.821,1.677,2.015,2.138,2.291,2.314,2.354,2.207,2.728,2.485,2.751,3.160,2.886,2.937,2.900,3.308,3.228,3.150,3.144,2.839,3.084,2.916,3.094,3.028,2.940,2.936,3.520,3.680,3.666,3.371,3.522,2.865,3.478,2.374,2.151,2.412,2.648,2.075,2.475,2.562,2.369,2.223,2.070,1.706,1.603,1.745,1.727,1.758,1.652,1.552,1.775,1.455,1.080,0.917,1.190,0.981,0.947,1.204,1.079,0.875,0.931,0.787,0.368,1.050,
