"Summary"
"[Software Information]"
"Software Name:","LabSolutions RF"
"Version:","1.12"
"[Data Information]"
"Data is:","Modified"
"Sample Name:","AP02_2705"
"Sample ID"
"Option"
"Analyst"
"Date/Time:","17/06/2025 10:25:28"
"Comments"
"[Instrument Information]"
"Instrument Name:","Fluoro"
"Instrument Type:","RF-6000 Series"
"Model (S/N):","RF-6000 (A40245500667SA)"

"Parameter"
"[Measurement]"
"Spectrum Type:","3D"
"EX Wavelength Start:","240.0 nm"
"EX Wavelength End:","450.0 nm"
"Data Interval:","5.0 nm"
"EM Wavelength Start:","250.0 nm"
"EM Wavelength End:","600.0 nm"
"Data Interval:","2.0 nm"
"Scan Speed:","6000 nm/min"
"[Instrument]"
"EX Bandwidth:","3.0 nm"
"EM Bandwidth:","3.0 nm"
"Sensitivity:","High"
"[Attachment]"
"Attachment:","None"
"[Auto Print]"
"Auto Print:","No"
"Report File:",""

"AP02_2705.fs3f - CorrectionData"
"EX Wavelength/EM Wavelength",250,252,254,256,258,260,262,264,266,268,270,272,274,276,278,280,282,284,286,288,290,292,294,296,298,300,302,304,306,308,310,312,314,316,318,320,322,324,326,328,330,332,334,336,338,340,342,344,346,348,350,352,354,356,358,360,362,364,366,368,370,372,374,376,378,380,382,384,386,388,390,392,394,396,398,400,402,404,406,408,410,412,414,416,418,420,422,424,426,428,430,432,434,436,438,440,442,444,446,448,450,452,454,456,458,460,462,464,466,468,470,472,474,476,478,480,482,484,486,488,490,492,494,496,498,500,502,504,506,508,510,512,514,516,518,520,522,524,526,528,530,532,534,536,538,540,542,544,546,548,550,552,554,556,558,560,562,564,566,568,570,572,574,576,578,580,582,584,586,588,590,592,594,596,598,600,
240,-138.432,-117.832,-89.578,-45.120,-27.700,-21.477,-18.576,-41.675,-56.052,-49.851,-47.355,-54.922,-55.989,-52.650,-40.142,-39.358,-44.534,-36.495,-40.018,-33.433,-39.599,-34.845,-34.174,-31.134,-26.454,-25.741,-27.504,-28.719,-23.783,-30.606,-21.639,-26.534,-31.535,-27.415,-22.714,-27.707,-23.861,-19.982,-20.265,-19.444,-18.315,-13.452,-15.152,-11.475,-15.623,-15.948,-13.423,-12.315,-9.982,-14.455,-7.865,0.956,-5.274,0.243,7.925,-1.246,-8.307,-0.349,10.409,-3.499,8.203,7.831,15.612,7.780,16.002,11.384,16.883,9.869,18.279,16.453,13.394,8.546,9.514,17.044,20.154,32.747,24.273,30.129,14.082,25.856,27.507,31.823,16.144,22.748,30.121,25.669,17.798,26.225,33.677,18.784,37.911,30.484,19.285,19.165,27.334,25.104,29.666,25.349,26.807,37.591,21.803,16.130,23.935,19.049,25.005,32.961,16.856,25.899,17.530,15.782,7.815,16.089,72.137,247.771,489.071,621.219,486.450,215.095,75.326,13.334,17.423,11.563,3.468,-2.231,7.831,3.480,7.520,1.424,19.390,-0.409,-4.460,9.682,0.508,-5.469,0.017,8.417,6.143,3.678,10.106,-11.989,-3.878,-8.795,-7.474,-13.060,-19.332,-16.146,-10.940,-18.251,-22.070,-20.038,-26.940,-10.087,-13.716,-23.630,-23.386,-17.704,-16.792,-23.296,-31.703,-24.290,-27.535,-32.291,-29.221,-34.419,-34.721,-33.436,-31.720,-30.783,-33.135,-37.063,-26.504,-34.887,-34.941,-35.669,-38.400,-26.930,
245,57.481,-80.395,-68.289,-60.078,-64.691,-53.593,-27.367,-18.308,-5.556,6.718,-21.054,-33.663,-37.667,-39.697,-34.570,-27.084,-24.570,-36.092,-37.683,-20.174,-30.708,-29.145,-26.664,-23.497,-29.039,-27.283,-16.621,-22.653,-23.572,-16.251,-23.141,-24.373,-20.828,-17.937,-19.002,-21.188,-13.476,-18.393,-9.917,-11.291,-15.137,-14.211,-11.076,-9.511,-14.705,-10.030,-3.682,-6.877,-12.404,-1.633,-1.215,-1.399,-6.813,1.682,4.729,-0.010,10.280,5.787,4.914,10.340,9.242,9.372,4.434,12.745,12.464,16.663,17.724,19.016,17.204,22.638,17.915,26.867,25.975,25.237,15.675,18.353,8.863,21.221,30.554,33.595,15.678,25.296,26.749,29.297,35.595,37.051,27.557,33.321,20.630,22.861,33.072,28.671,22.914,25.980,31.379,32.768,28.827,46.159,21.308,24.869,38.867,24.596,25.051,30.329,24.611,24.917,20.302,22.826,19.765,19.112,19.201,17.184,21.020,21.842,29.732,22.313,24.251,71.960,236.103,550.205,691.871,556.039,327.885,80.391,24.874,11.555,13.904,5.202,14.832,6.837,6.134,12.316,3.435,6.794,3.529,-4.909,2.671,6.913,-3.165,1.361,0.735,0.484,7.405,-6.161,-2.316,3.191,-1.225,-2.439,-8.005,-7.431,-7.374,-7.445,-8.358,-14.692,-11.938,-19.343,-16.134,-11.848,-19.876,-19.169,-16.160,-15.436,-11.265,-19.315,-27.047,-17.284,-24.642,-22.230,-17.625,-24.179,-15.586,-23.019,-17.688,-26.690,-18.516,-23.612,
250,5870.744,3187.242,542.984,-14.179,-37.236,-40.776,-35.040,-40.291,-27.701,-23.167,-1.688,13.497,16.636,-7.129,-18.810,-23.109,-25.339,-19.783,-23.932,-22.933,-18.868,-24.948,-7.897,-21.711,-15.393,-16.802,-20.574,-14.386,-15.986,-11.182,-12.404,-19.456,-16.598,-15.401,-12.207,-9.684,-12.840,-8.071,-10.756,-8.866,-6.588,-8.158,-9.723,-11.319,-7.182,-1.092,-2.655,-3.493,-4.170,0.019,0.336,0.531,-1.531,4.154,-0.193,0.767,6.224,5.784,8.468,15.683,11.051,11.927,13.251,9.459,15.264,19.638,21.071,15.755,19.542,20.945,31.965,27.195,34.861,31.954,24.952,19.089,29.485,30.881,30.087,25.711,29.225,40.072,33.648,35.863,30.262,31.925,24.438,30.172,36.656,32.839,25.880,31.474,41.440,29.595,23.818,38.453,32.587,24.063,35.638,39.615,39.476,32.325,41.338,29.191,26.684,26.471,25.776,24.318,23.720,27.957,23.445,23.006,22.053,19.122,21.153,12.641,19.244,17.323,16.046,19.763,21.964,30.632,80.748,281.375,562.906,770.058,602.543,316.319,110.658,15.906,9.499,7.690,11.249,16.688,4.221,7.303,1.528,12.286,6.900,-4.849,-1.321,3.037,0.830,0.606,-2.050,1.671,3.883,2.928,-2.075,11.558,1.635,2.068,-4.729,-0.959,0.082,-6.851,-12.077,-14.500,-13.489,-11.100,-11.858,-13.729,-14.268,-15.357,-9.833,-11.784,-18.140,-17.287,-17.080,-18.239,-20.572,-17.262,-16.798,-15.617,-25.195,-21.939,
255,195.348,1514.752,5059.231,4921.054,1779.423,161.509,-27.458,-16.370,-19.692,-21.365,-27.221,-22.129,-8.546,13.976,29.466,30.853,9.490,-13.996,-21.166,-19.893,-22.063,-19.737,-14.259,-18.399,-15.782,-20.173,-14.829,-12.375,-12.719,-16.041,-15.534,-11.242,-12.693,-9.191,-11.878,-6.116,-9.286,-7.041,-7.444,-8.155,-6.729,-4.939,-6.909,-2.834,1.663,-1.418,-0.510,-4.174,-5.541,-4.242,2.732,-3.219,2.712,7.100,6.880,8.467,7.118,5.143,14.382,5.793,23.221,18.716,18.444,19.387,16.834,27.813,26.111,26.884,21.583,27.026,43.397,21.761,30.722,44.194,44.282,32.819,32.850,37.173,28.803,40.222,40.179,46.223,42.776,31.762,32.795,42.857,44.332,43.098,31.096,40.427,45.910,36.903,45.248,40.766,41.506,43.645,46.576,48.205,36.982,49.400,35.034,46.553,39.450,41.989,48.636,34.588,44.964,33.296,35.490,32.718,25.833,36.864,32.139,25.244,29.202,30.997,25.854,36.086,21.570,27.662,20.333,30.147,16.782,25.624,21.528,31.003,33.647,87.435,323.789,782.383,1059.077,948.094,496.664,152.212,39.901,11.224,11.235,9.916,10.411,8.727,6.936,13.690,3.631,9.651,4.088,4.885,-1.175,0.176,3.354,-2.700,6.235,2.893,3.090,9.036,11.718,8.108,-0.234,-12.029,-6.674,-1.767,-3.346,-5.247,-6.621,-11.981,-5.381,-15.624,-11.649,-17.112,-17.725,-15.442,-9.781,-8.887,-17.703,-12.128,-13.601,-14.900,
260,-68.536,-53.537,-12.033,535.269,2907.576,5777.859,3788.366,722.066,19.148,-10.454,-18.095,-9.312,-19.055,-14.864,-10.124,-9.835,5.389,28.939,29.999,5.032,-5.841,-8.828,-14.899,-7.224,-6.552,-12.815,-6.914,-8.093,-10.567,-5.157,-8.022,-8.722,-7.788,-8.391,9.515,-2.783,-6.371,-3.082,-2.317,-2.231,-2.053,0.264,10.087,-2.157,-1.913,-4.767,-0.745,3.863,0.126,1.708,5.423,8.657,5.380,5.103,12.390,12.373,8.921,11.677,13.032,10.350,13.508,21.065,17.855,15.753,21.221,30.590,31.784,23.447,23.069,21.664,25.398,23.472,35.868,30.078,36.428,31.468,32.359,44.480,35.289,39.995,36.786,35.079,35.217,40.117,36.368,39.032,40.864,42.145,39.990,43.314,40.371,46.379,38.437,51.321,43.312,48.669,52.809,47.669,46.344,46.641,49.511,44.640,46.827,39.751,42.236,41.654,43.094,35.730,38.753,39.789,37.276,34.991,40.168,39.066,34.039,39.264,26.607,30.341,34.828,33.529,28.461,31.162,31.616,19.102,28.310,20.474,27.155,29.108,28.859,22.303,27.922,30.480,84.420,321.942,770.982,1231.157,1134.121,681.461,210.331,43.082,22.800,11.062,14.322,14.230,11.701,12.442,9.967,7.349,3.818,1.418,5.274,4.564,2.552,0.891,4.093,5.717,-1.122,5.183,8.415,8.055,11.848,13.333,1.940,-0.469,-6.262,-5.744,-7.038,-5.383,-5.183,-8.283,-11.192,-11.315,-8.325,-9.449,-10.831,-8.286,
265,-49.928,-32.412,-38.989,-26.220,-17.669,190.499,1789.416,5277.485,5163.285,1680.520,142.708,-0.130,-10.661,-11.036,-5.978,-11.662,-10.590,-9.335,1.018,22.216,47.905,32.253,17.662,1.911,-5.557,-6.334,-7.560,-7.634,-5.112,-6.070,-2.808,3.247,-4.131,-2.398,-2.827,-1.169,-0.965,0.898,3.778,-0.153,0.815,-0.010,0.067,5.509,4.051,-0.077,3.051,1.724,5.380,6.832,7.048,7.215,7.786,10.528,6.275,13.095,13.912,12.589,14.932,11.239,17.707,15.449,18.760,17.078,20.913,22.469,28.204,22.306,16.408,21.674,28.040,23.573,21.842,30.352,27.290,32.145,30.583,30.454,31.380,37.977,27.950,33.800,41.286,35.576,34.698,37.223,36.257,31.798,39.851,39.114,37.903,43.332,40.739,34.088,39.712,40.701,39.775,41.119,38.476,37.782,38.054,39.213,35.440,41.494,37.426,38.297,39.072,39.234,38.151,33.574,38.721,31.678,38.669,32.899,34.057,29.547,29.984,34.711,29.050,29.955,24.250,22.339,24.943,33.979,23.650,24.096,25.588,22.254,20.896,13.216,21.990,20.991,11.371,17.539,11.555,25.038,23.663,106.586,394.883,941.450,1318.593,1114.863,531.871,173.185,21.238,15.114,2.118,10.359,2.921,-0.833,8.343,8.865,5.430,3.260,11.109,-1.401,2.043,5.789,3.512,2.669,-2.459,4.424,4.343,4.473,0.706,10.739,3.138,5.061,4.077,1.868,-4.072,2.629,-5.487,-10.299,-4.394,-6.433,
270,-34.305,-31.913,-25.717,-18.568,-20.551,-14.804,-14.256,6.934,592.157,3569.579,6214.537,3512.640,659.762,21.152,-1.985,-4.449,-7.095,-3.459,-4.042,0.686,5.097,1.733,22.400,36.512,31.391,21.162,-0.082,-4.233,-0.882,-0.630,-0.984,1.501,4.761,1.042,2.150,0.887,2.309,1.955,2.691,4.050,5.233,3.959,8.456,4.299,7.340,7.256,7.103,5.035,7.199,11.746,8.462,10.624,16.354,8.849,11.678,11.721,18.923,13.044,14.766,17.898,14.708,20.391,21.510,18.845,22.266,20.054,22.235,25.854,18.658,21.134,22.525,23.021,25.491,25.270,27.014,28.274,27.794,29.864,36.767,34.970,33.856,41.662,33.609,38.673,33.964,33.567,36.151,36.190,35.922,34.341,34.444,45.509,33.129,37.528,41.532,34.218,43.389,32.491,39.290,39.424,39.871,33.954,44.614,38.432,44.108,34.003,37.440,36.224,33.724,34.895,32.915,30.776,33.263,34.221,33.120,28.639,28.408,33.438,28.933,27.785,21.387,27.641,34.503,24.180,22.470,28.802,23.145,22.801,24.816,20.384,21.824,21.467,18.605,22.876,19.434,19.417,16.786,13.789,15.444,10.716,15.662,24.816,109.477,390.441,951.281,1385.860,1275.223,696.123,198.162,30.002,11.754,6.159,7.382,10.679,4.002,5.073,5.090,3.796,4.119,4.414,0.422,3.527,5.322,-0.200,-1.285,-1.702,3.125,-3.984,-1.579,3.722,7.828,7.157,8.095,6.809,7.243,1.728,
275,-34.572,-21.914,-24.124,-17.855,-14.005,-12.158,-9.680,-9.702,-6.761,-5.019,137.887,1950.518,5377.725,5320.902,1480.916,142.623,3.515,3.409,-1.650,-2.418,-2.846,-2.510,-0.906,1.601,7.560,20.326,33.929,29.306,17.941,8.186,6.264,3.861,0.435,0.502,2.070,8.019,2.697,6.227,7.789,4.351,7.766,3.462,8.195,7.938,6.973,7.786,7.113,10.573,10.437,8.215,10.979,10.636,13.254,10.819,12.705,17.045,12.960,16.586,16.044,16.837,18.956,19.586,21.660,17.671,18.966,24.679,19.670,24.862,27.224,18.484,28.376,25.478,26.520,27.595,28.293,31.959,24.665,32.429,27.242,26.597,29.261,30.205,30.622,35.603,27.345,29.304,33.831,30.635,32.550,32.455,31.553,35.527,34.567,39.162,34.516,33.409,35.817,33.203,36.967,30.589,32.785,33.366,32.686,33.399,41.201,32.663,35.347,28.885,30.460,38.093,31.531,32.738,29.535,29.874,28.716,29.081,29.933,29.402,27.377,30.023,26.082,26.559,26.457,30.028,24.015,26.180,25.057,21.595,23.550,20.210,21.584,22.322,17.481,17.202,18.136,13.564,18.254,12.760,17.004,12.647,15.383,17.260,7.952,12.164,16.087,10.736,21.895,114.736,468.699,1071.272,1542.444,1248.165,623.571,181.907,35.638,7.073,4.227,5.574,5.253,3.096,-0.359,3.814,7.327,0.170,1.571,-0.466,3.602,-1.032,2.565,0.755,-1.158,0.731,2.730,-2.049,0.399,3.526,
280,-29.522,-15.995,-18.380,-14.089,-9.461,-12.400,-10.983,-11.024,-9.645,-7.563,-2.260,-2.089,19.204,754.339,4332.810,6469.964,3113.247,418.595,13.887,2.076,2.567,1.664,3.057,8.372,2.013,4.444,4.307,10.643,19.275,33.628,32.850,19.336,9.868,6.866,6.701,8.463,6.736,7.347,9.410,7.753,6.733,8.766,10.395,9.190,12.427,10.370,10.237,12.813,13.549,11.305,10.427,15.151,12.608,15.425,16.599,15.964,16.777,18.616,18.305,21.395,18.910,23.219,23.159,19.160,22.827,24.170,24.123,21.656,26.076,23.138,23.561,28.679,26.202,26.513,26.078,29.204,32.247,29.830,29.708,27.768,30.915,27.073,29.609,30.837,30.726,31.697,39.129,32.053,32.847,33.306,32.640,35.914,34.841,29.160,30.338,35.878,31.360,35.645,32.486,33.842,35.286,35.276,32.025,33.268,36.228,34.084,30.357,30.556,34.535,32.520,33.823,29.871,24.416,29.363,32.153,29.200,28.170,33.002,28.481,23.539,24.734,22.186,27.295,23.857,23.065,24.471,19.169,18.498,18.783,18.122,18.852,18.796,16.803,18.496,15.711,15.965,14.157,13.975,15.919,11.481,13.356,12.995,11.216,13.569,10.863,10.684,9.182,9.612,6.504,8.019,11.409,37.148,190.571,598.079,1225.769,1600.421,1302.738,615.481,176.544,28.013,10.097,2.942,4.318,4.606,4.037,1.338,1.633,0.134,3.184,0.018,1.218,2.710,-0.650,3.592,-0.050,-2.332,
285,-20.588,-15.538,-16.696,-11.878,-7.805,-10.938,-6.783,-5.913,-8.614,-7.983,-4.551,-4.119,-4.341,-3.005,1.914,134.535,1904.752,6115.229,5765.054,1531.276,119.106,6.071,3.000,3.868,7.379,0.980,3.669,1.241,8.909,9.682,12.059,20.808,31.831,36.645,24.655,12.061,9.663,10.634,8.651,11.918,8.024,10.278,10.815,11.590,8.867,8.139,13.709,15.670,10.893,14.543,14.461,13.768,14.839,15.591,16.723,15.585,18.653,20.269,17.939,20.825,23.080,19.340,22.051,22.959,24.448,27.388,27.169,23.933,27.046,26.141,27.755,27.916,26.707,26.967,30.443,26.552,22.898,26.893,30.375,29.320,29.423,32.035,29.040,32.480,29.001,34.423,33.304,33.466,33.083,30.370,29.844,30.940,28.710,35.089,32.637,38.176,33.833,35.448,31.574,30.763,31.970,32.888,32.491,32.042,30.773,29.395,35.008,35.626,28.949,28.869,32.278,30.304,29.160,25.788,25.990,24.973,27.743,28.022,24.580,27.070,26.535,24.368,22.426,26.054,20.172,21.286,20.651,19.465,22.744,20.470,17.657,16.112,15.477,17.335,13.071,18.266,15.084,13.456,15.323,12.564,12.520,9.693,11.058,8.965,10.799,10.346,7.705,11.038,11.065,6.880,9.189,8.518,6.649,6.739,4.559,9.639,27.892,145.794,529.585,1188.089,1677.429,1477.106,802.571,259.560,39.031,11.210,4.318,3.038,3.137,3.604,1.803,5.033,-0.453,1.732,-0.590,-2.117,
290,-23.559,-17.599,-12.483,-12.465,-12.027,-6.942,-6.561,-6.752,-6.362,-2.969,-4.615,-5.800,-4.173,-2.505,-2.015,0.520,0.501,31.053,760.858,4636.601,7099.150,3408.126,405.278,17.421,8.188,1.712,5.730,4.181,6.710,7.307,6.427,8.707,6.900,10.856,20.959,29.771,39.073,26.935,13.178,9.110,12.447,12.447,10.540,11.902,12.420,12.633,11.140,15.551,13.280,17.200,16.020,18.818,15.798,22.732,20.149,17.510,20.223,18.468,21.426,20.076,19.150,21.413,23.810,22.552,25.608,27.267,28.396,28.848,25.052,27.940,27.898,32.334,30.943,28.762,33.021,31.926,28.941,37.176,31.659,28.625,36.052,31.516,31.298,34.359,32.127,34.121,34.734,32.825,37.000,37.397,32.781,34.038,35.640,35.101,36.860,33.831,32.260,30.348,34.196,30.532,30.096,26.119,30.705,32.385,27.082,34.098,30.334,32.635,32.927,28.690,26.253,28.773,28.305,29.913,26.926,23.942,23.844,22.011,26.914,23.711,23.922,21.308,21.659,21.425,22.966,18.571,21.167,17.052,18.818,19.263,18.651,14.804,15.730,17.314,15.554,14.115,11.225,13.390,14.129,14.063,11.774,10.363,14.419,13.151,10.151,9.304,9.913,11.171,9.453,7.897,8.411,7.082,6.542,6.853,6.252,6.609,5.920,4.839,3.227,6.384,9.138,32.818,172.459,586.729,1336.137,1751.329,1578.101,761.893,203.272,32.470,4.560,3.564,2.792,2.692,0.606,0.446,
295,-20.262,-17.724,-14.119,-10.208,-9.974,-9.456,-7.404,-7.459,-6.070,-6.781,-4.458,-4.277,-4.195,-3.972,-3.053,-2.119,-0.598,-1.611,0.042,3.167,229.446,2408.941,7071.269,5719.551,1553.630,102.812,8.046,3.275,4.175,4.075,5.200,3.659,4.547,3.989,4.707,5.713,10.161,17.923,25.261,31.317,21.319,12.690,11.276,10.456,12.913,13.235,13.657,14.018,14.211,14.476,14.878,15.611,15.519,19.237,18.611,16.140,18.700,23.223,22.142,22.488,24.458,23.648,28.210,27.551,28.696,24.713,27.571,28.710,26.396,29.073,28.951,28.846,28.525,28.586,29.295,28.741,33.094,31.471,33.666,31.669,34.496,32.677,35.519,35.326,36.580,32.932,33.098,36.323,33.817,31.465,36.411,31.306,33.581,32.253,34.216,32.680,33.781,33.272,31.162,29.374,33.135,30.864,31.040,33.268,30.514,31.688,25.465,29.751,27.179,26.096,25.317,25.025,28.797,25.388,23.562,27.700,22.105,23.658,24.583,20.729,20.159,22.054,21.980,22.111,16.343,21.596,20.430,16.355,18.472,18.670,18.529,15.236,17.905,14.991,17.086,16.960,13.173,11.140,11.270,11.331,11.437,11.692,7.468,12.746,8.841,6.562,10.437,9.373,8.226,8.251,9.277,7.497,8.447,7.859,6.505,5.640,5.775,4.505,5.694,5.553,4.459,4.983,2.294,4.088,4.455,5.953,31.061,196.661,672.725,1409.644,1860.514,1441.688,730.415,195.481,22.979,3.144,
300,-15.265,-15.796,-12.402,-9.877,-7.870,-8.714,-10.712,-7.436,-7.752,-4.743,-3.626,-3.330,-4.657,-3.054,-1.865,-3.224,-2.368,-1.758,0.206,0.179,1.572,2.226,33.946,743.216,4310.489,7686.524,3972.981,588.715,21.008,5.426,3.833,4.715,4.233,5.106,4.022,3.219,5.039,4.406,6.193,9.129,16.460,22.692,33.108,27.444,15.477,12.191,10.848,11.107,11.792,13.593,14.536,15.190,16.137,16.598,17.386,18.090,19.295,23.267,22.639,24.851,25.151,24.251,22.876,26.284,29.379,27.485,28.666,25.690,26.867,32.740,31.853,32.688,29.847,37.220,30.279,31.711,33.521,34.186,34.665,35.959,32.648,32.279,35.398,38.451,36.908,33.141,33.617,35.204,32.239,33.104,35.491,32.420,30.567,33.500,29.835,32.589,36.165,31.731,31.296,28.179,32.363,32.739,31.363,31.823,32.661,33.272,25.909,28.616,27.575,26.766,26.398,25.902,26.664,27.974,25.188,24.589,21.290,23.878,23.442,20.840,19.372,21.550,20.948,17.930,18.678,17.892,17.451,17.783,18.764,16.071,18.392,15.709,14.880,14.577,12.334,12.757,13.450,14.754,11.847,11.603,11.540,12.080,12.959,8.708,9.485,8.701,9.584,8.165,8.050,5.474,6.891,7.030,7.768,5.458,2.721,4.963,4.419,5.027,5.005,3.341,3.827,3.588,3.258,2.948,1.514,1.715,4.227,1.051,4.462,2.552,8.343,34.669,167.438,589.630,1344.967,1848.797,
305,-16.818,-12.573,-11.088,-8.591,-7.988,-5.917,-6.843,-4.858,-6.137,-4.858,-2.596,-3.203,-4.942,-2.773,-3.880,-3.279,-2.795,-1.060,-1.050,-0.679,0.607,0.436,-0.009,1.928,3.746,215.020,2343.899,6784.534,6103.379,1731.401,95.699,5.840,4.611,7.026,4.750,6.115,3.574,4.268,7.698,6.447,8.059,7.857,9.030,14.702,24.637,28.562,22.810,16.176,11.804,12.974,13.823,13.194,14.461,17.085,17.859,17.315,18.855,20.872,22.608,21.751,26.612,24.187,26.434,26.556,26.313,27.679,31.683,29.784,28.601,27.233,33.492,29.545,34.568,31.703,32.143,30.522,35.465,35.408,36.297,31.471,34.805,36.508,36.018,35.567,33.334,33.699,32.882,32.615,34.388,34.814,38.517,36.008,34.486,33.681,29.644,33.758,33.999,32.798,31.106,33.097,32.371,30.616,27.894,31.231,29.430,27.853,29.556,29.037,27.289,27.963,27.271,26.849,24.302,22.999,23.401,24.037,23.478,21.027,22.270,21.591,20.091,15.955,18.983,19.162,17.617,18.702,15.828,17.014,16.607,16.879,14.730,15.274,14.175,15.375,15.183,15.793,12.680,11.053,11.239,11.281,12.603,12.510,10.155,10.018,6.731,8.222,8.297,5.347,8.873,5.460,8.133,7.576,5.059,6.859,3.331,3.343,5.412,3.765,4.261,2.223,6.705,1.710,2.548,3.550,3.496,3.962,2.676,3.009,2.797,2.177,0.472,2.414,3.076,1.263,2.796,6.722,
310,-11.314,-8.854,-8.177,-8.044,-5.864,-5.505,-6.877,-5.190,-4.969,-5.441,-5.233,-4.964,-2.194,-3.333,-2.684,-2.569,-2.002,-1.535,-1.657,-0.758,-1.303,-0.398,-1.044,0.342,1.331,2.188,1.863,22.229,783.998,4208.157,5951.446,3684.081,550.375,14.007,6.843,4.735,6.072,6.318,3.657,4.724,6.630,8.181,5.785,7.399,8.449,9.499,15.227,19.733,25.111,22.438,18.309,17.601,13.748,16.148,17.814,18.696,17.298,17.769,19.661,23.164,22.938,23.663,23.580,27.518,26.340,29.978,28.642,30.163,31.801,31.147,29.090,30.051,36.236,34.794,32.804,34.892,35.171,35.132,33.428,36.127,36.376,33.860,36.793,36.948,38.398,38.978,36.886,35.999,33.398,34.896,36.916,34.219,35.937,32.167,36.685,33.345,32.158,30.067,32.388,29.964,33.349,31.703,31.967,30.617,31.103,29.993,26.331,28.483,30.336,25.850,26.427,24.700,24.449,29.106,23.702,24.064,22.806,22.045,23.842,19.458,19.818,19.948,19.061,17.787,20.387,17.085,19.249,15.404,16.567,15.083,14.183,12.763,14.285,15.793,11.415,13.194,13.631,9.569,11.418,11.193,11.570,11.412,8.390,9.288,7.302,8.240,7.217,6.696,7.178,6.669,5.635,6.005,5.172,5.172,4.473,4.234,4.778,5.523,4.036,3.449,2.603,4.844,2.728,3.269,1.681,3.751,2.420,1.800,2.974,1.995,0.510,0.381,0.315,1.142,0.888,0.199,
315,-10.330,-11.005,-8.262,-5.702,-5.344,-5.182,-3.232,-4.288,-5.081,-4.502,-4.436,-3.886,-2.720,-3.258,-2.650,-2.375,-2.866,-2.598,-2.616,-0.357,1.194,-1.002,-0.401,-0.753,-0.287,1.122,1.312,3.534,3.440,5.827,107.036,1730.194,4847.369,4878.701,1859.859,161.020,7.572,5.065,4.822,4.853,5.253,4.900,5.481,5.905,6.431,7.616,7.773,8.986,9.545,13.361,22.016,25.089,24.428,19.160,16.914,17.563,15.887,17.787,19.928,19.313,22.580,23.501,22.675,28.452,25.115,29.700,28.739,29.154,30.889,30.863,30.799,32.574,30.159,33.102,30.667,36.039,33.387,35.073,35.484,33.578,33.705,35.345,36.887,38.616,33.870,34.772,33.861,34.752,34.100,35.968,35.417,33.564,36.181,35.334,33.357,33.856,33.006,33.593,34.041,31.188,29.948,31.179,31.584,30.244,31.191,29.602,29.573,26.726,25.492,25.614,29.434,25.051,24.602,26.287,23.015,22.285,21.737,21.327,21.977,20.384,18.721,19.894,17.711,18.391,16.899,17.659,15.090,15.886,14.147,14.791,13.728,15.396,13.951,12.335,11.964,11.824,11.717,12.548,10.220,11.796,10.169,10.855,8.596,7.296,9.167,8.845,7.100,8.568,8.442,8.056,6.729,4.958,3.733,4.875,5.351,5.323,4.378,3.924,4.030,2.978,2.604,3.802,4.792,3.962,2.573,3.561,1.478,1.264,2.614,3.777,1.653,1.840,1.633,1.061,0.790,0.763,
320,-8.495,-8.631,-7.247,-5.930,-4.650,-4.903,-5.101,-3.835,-2.549,-3.989,-3.473,-3.391,-2.616,-2.796,-2.753,-2.999,-3.360,-2.029,-1.781,-0.900,-0.530,-1.048,-1.426,-1.444,-1.005,-0.048,0.621,-0.276,1.180,1.353,2.096,1.177,22.057,548.571,3756.724,4223.352,3486.082,466.741,19.930,5.559,4.898,5.375,4.916,4.877,4.494,6.456,6.432,6.519,7.215,8.178,9.675,9.362,13.837,19.613,25.353,25.270,24.040,18.808,17.849,20.255,20.611,21.109,19.809,23.701,25.905,24.759,26.056,29.933,30.465,30.602,30.304,30.332,30.397,32.560,33.793,31.049,34.913,34.602,35.191,33.518,33.679,36.254,34.765,37.223,34.913,38.048,34.816,35.273,35.963,34.005,35.779,36.126,33.495,32.439,30.869,33.231,32.150,32.326,32.036,33.842,32.987,31.739,31.036,28.982,29.097,29.941,28.575,28.019,24.882,26.415,24.684,26.410,25.478,23.800,22.471,22.126,23.224,19.921,21.307,21.627,19.769,19.487,17.746,17.954,18.442,17.310,15.097,15.475,15.441,16.622,15.742,12.947,11.411,11.038,13.147,10.515,12.107,11.274,10.331,12.341,10.660,10.777,8.806,9.399,8.049,5.763,6.621,7.793,7.600,5.391,6.446,7.033,5.370,4.333,4.784,5.585,3.859,4.299,3.779,5.290,3.331,5.401,2.826,2.011,2.980,3.299,0.798,3.451,3.792,2.266,0.851,2.205,1.386,0.811,2.184,1.149,
325,-8.740,-6.799,-5.282,-5.733,-4.759,-4.656,-3.571,-4.203,-3.603,-2.210,-3.279,-3.028,-3.011,-2.821,-2.105,-2.235,-2.406,-2.049,-2.103,-1.321,-0.830,-0.689,-0.759,-0.747,-0.103,-0.185,-0.043,-0.170,0.556,-0.042,1.111,1.278,3.516,3.459,3.522,86.922,1545.121,3702.699,3642.143,1803.388,101.951,5.970,4.738,4.930,4.507,4.388,6.260,4.872,5.878,6.616,8.214,8.114,10.113,10.298,11.059,15.266,20.111,25.853,27.366,22.615,20.267,20.924,22.009,22.717,24.387,23.477,26.581,28.168,27.061,27.013,29.635,29.708,28.012,29.834,33.405,32.266,30.397,31.595,31.107,33.695,34.423,35.121,34.473,36.045,34.457,35.633,34.490,34.655,34.613,33.627,34.154,34.221,33.905,32.160,33.395,35.462,31.913,32.482,29.962,32.311,33.011,32.054,30.654,28.438,28.933,29.666,26.949,26.891,26.123,25.557,24.868,23.926,26.124,22.278,22.173,21.455,21.590,23.401,21.802,18.871,20.889,18.271,19.389,17.244,16.162,17.181,16.311,17.805,15.120,14.172,14.337,13.641,14.260,12.130,13.060,13.045,12.492,11.316,9.380,9.244,9.701,9.562,8.404,8.799,8.954,7.165,8.443,7.019,6.609,6.374,6.233,5.911,4.421,6.655,6.552,5.180,4.266,3.158,4.389,3.145,2.676,2.116,2.656,3.623,2.878,3.108,3.359,2.763,2.543,3.290,0.461,1.872,1.541,1.365,2.090,0.797,
330,-6.283,-6.136,-5.255,-3.540,-4.393,-3.162,-2.645,-3.727,-4.056,-3.429,-2.566,-2.344,-2.920,-2.034,-1.628,-1.088,-1.714,-1.497,-1.393,-1.970,-1.198,-1.954,-0.991,-1.252,-0.565,-0.746,0.441,0.491,-0.104,0.575,0.090,0.738,0.734,1.214,1.802,3.173,3.595,17.916,413.437,2952.569,3236.120,3115.750,523.402,17.657,6.024,5.825,5.113,5.811,5.049,6.054,6.291,6.869,7.689,9.989,10.520,11.752,10.615,13.422,15.994,19.139,26.376,27.573,28.200,24.536,23.205,22.170,22.710,23.625,24.888,25.870,25.942,27.413,29.522,29.581,30.068,31.073,29.562,32.517,31.428,31.222,32.168,33.561,33.226,33.016,34.356,33.247,34.017,32.449,33.701,34.098,34.443,31.298,32.775,33.598,31.830,34.525,31.988,33.344,31.173,32.559,30.259,31.082,32.249,28.802,28.389,27.025,29.510,27.398,27.465,25.820,24.473,24.782,24.230,22.333,20.697,22.232,23.648,21.387,20.486,19.081,18.011,19.306,20.011,17.086,18.432,16.078,17.482,16.566,15.510,14.851,14.119,14.383,12.531,13.215,10.065,12.852,10.617,11.785,10.015,11.707,10.257,10.154,7.282,9.505,7.701,8.638,8.264,7.044,6.395,6.494,6.836,5.897,5.821,5.163,5.046,5.702,5.095,4.991,4.137,4.286,5.133,3.060,3.606,3.262,2.989,2.471,2.807,2.788,3.712,2.619,1.504,1.167,1.907,1.722,1.636,0.530,
335,-7.680,-5.629,-4.059,-3.572,-2.836,-3.522,-3.328,-3.557,-2.718,-3.334,-2.145,-1.937,-1.501,-1.546,-2.394,-1.969,-1.747,-1.803,-2.252,-2.046,-1.072,-1.690,-1.182,-1.547,-1.713,-0.988,-0.765,-0.424,0.033,-0.079,0.036,0.301,0.292,-0.251,0.553,1.759,2.078,2.218,2.195,5.056,146.748,1765.592,2910.853,2875.255,1474.945,70.623,5.109,5.132,4.367,5.339,5.151,7.237,7.784,6.950,8.786,9.156,10.744,10.648,13.093,14.034,15.251,16.122,22.463,25.532,28.579,27.492,26.222,22.753,23.955,25.639,25.650,24.566,27.362,27.527,27.867,29.423,29.770,31.112,33.043,30.964,31.582,33.437,35.433,30.480,32.371,30.784,32.754,35.063,32.016,32.567,32.291,31.911,32.474,30.956,30.564,31.822,32.401,32.970,30.461,30.744,30.713,28.798,29.174,27.714,26.739,28.017,25.991,27.796,26.091,25.680,25.993,25.788,25.063,23.653,21.068,24.524,22.463,21.656,19.628,20.548,20.696,18.822,17.178,18.184,15.189,17.582,16.600,15.385,14.165,14.501,13.207,13.743,12.984,12.810,12.449,10.601,11.706,10.280,11.216,8.547,9.251,11.557,9.441,9.617,8.486,8.541,8.175,8.174,6.613,6.056,5.759,6.773,5.253,6.454,6.089,5.709,4.286,4.726,4.582,3.589,4.582,4.063,2.644,3.458,2.258,2.501,3.025,1.330,2.054,3.500,1.917,1.161,0.445,1.027,0.170,0.197,
340,-6.780,-4.119,-5.009,-2.821,-3.049,-4.026,-2.685,-2.772,-2.772,-2.414,-1.407,-2.056,-2.268,-2.356,-2.287,-1.807,-2.175,-1.896,-1.524,-1.371,-1.117,-1.338,-1.253,-1.259,-0.789,-0.724,-0.716,-0.962,-0.952,-0.468,0.002,-0.529,0.513,0.377,0.291,0.812,0.277,1.765,1.439,2.218,2.483,2.893,17.738,507.196,2549.361,2593.201,2547.383,495.876,13.188,4.790,4.930,5.585,7.450,7.302,6.930,8.823,7.753,10.142,10.090,11.689,12.692,13.790,13.580,15.957,17.541,20.085,25.244,27.189,26.638,25.272,23.105,23.057,23.707,25.318,25.937,27.741,26.289,29.353,29.506,31.198,29.480,31.025,30.529,29.832,31.507,31.521,32.533,30.644,31.718,32.028,32.019,32.538,32.105,32.346,30.484,31.901,30.825,30.237,31.979,29.304,28.459,27.521,29.115,28.983,27.697,27.708,26.988,25.941,26.876,25.291,23.951,25.339,23.446,22.050,22.093,23.683,22.580,22.352,21.647,19.619,18.811,19.953,18.719,18.257,16.580,16.007,16.609,16.335,15.376,14.980,12.468,11.894,13.131,12.134,11.298,11.802,11.679,11.317,10.805,9.793,11.111,10.020,8.505,8.927,7.323,6.958,6.600,7.492,7.374,6.112,7.211,5.860,5.788,5.197,5.273,5.040,4.737,4.873,3.101,4.160,3.783,3.594,3.614,3.205,3.223,2.508,2.516,3.058,1.689,2.336,2.173,1.969,2.181,1.682,1.161,1.640,
345,-5.677,-4.963,-3.998,-3.660,-3.055,-2.345,-2.532,-2.862,-2.678,-1.847,-2.203,-2.295,-2.265,-1.806,-0.955,-1.158,-1.496,-1.639,-1.247,-1.514,-1.395,-1.596,-1.381,-1.221,-1.423,-1.298,-1.376,-0.902,-0.157,-0.140,-0.403,-0.306,0.193,-0.414,0.644,-0.031,0.599,0.576,0.398,1.102,1.577,2.241,2.606,2.946,3.860,141.472,1741.998,2368.324,2339.083,1270.137,65.684,7.216,5.986,6.147,6.768,6.470,6.788,8.219,8.535,10.215,11.134,10.805,13.193,11.604,12.657,14.555,15.951,18.255,20.250,21.272,24.988,25.128,26.152,23.045,23.710,22.022,23.683,26.175,28.450,27.687,26.376,29.782,28.758,27.749,28.419,27.111,30.711,30.117,30.727,31.315,29.578,29.074,31.160,30.304,30.589,30.535,27.975,28.979,29.943,31.050,29.454,30.324,29.025,27.010,28.798,27.236,26.310,26.154,25.858,25.587,23.053,24.835,21.828,21.867,21.117,21.226,20.630,19.868,19.357,20.637,19.967,17.681,19.248,15.933,16.082,16.052,15.620,16.151,14.458,15.495,13.160,14.384,13.060,12.079,11.672,11.423,12.176,10.772,10.387,9.019,9.956,8.459,9.821,8.425,7.850,7.439,6.884,6.559,6.871,6.147,5.617,5.577,5.869,5.283,5.093,5.340,3.961,5.199,4.908,4.623,4.563,3.805,3.441,3.615,2.447,1.924,4.022,2.536,3.008,2.251,1.202,1.418,1.411,0.970,1.687,1.091,
350,-4.300,-5.410,-3.500,-3.336,-2.153,-2.319,-2.306,-2.221,-2.608,-2.118,-1.736,-1.539,-1.951,-1.443,-1.881,-1.414,-1.578,-1.123,-1.771,-1.056,-1.409,-1.056,-1.136,-1.049,-1.347,-0.942,-1.230,-0.985,-0.915,-0.898,-0.512,-0.920,-0.654,0.012,-0.383,0.216,-0.104,0.120,0.933,0.056,0.893,1.558,1.243,1.863,2.722,2.553,3.295,25.947,799.819,2156.348,2126.434,1973.614,259.575,9.726,5.537,6.411,6.543,6.418,7.210,7.017,8.061,8.973,9.817,9.146,12.756,12.687,14.395,13.932,15.179,15.539,16.464,18.940,22.838,24.177,26.618,23.977,24.174,20.939,23.416,24.794,25.424,24.791,25.455,28.237,28.274,25.945,28.511,28.640,28.363,27.614,27.613,27.454,29.040,29.964,27.615,28.397,29.412,27.134,27.407,29.178,27.034,27.939,27.774,26.797,27.651,25.878,25.093,25.213,24.116,24.078,23.109,23.471,22.541,22.372,21.286,21.015,20.545,20.307,18.002,19.541,18.539,16.810,19.375,15.802,17.187,15.669,16.172,14.019,12.305,13.078,13.538,12.056,12.769,12.954,12.567,11.005,10.049,11.211,9.955,8.973,10.335,10.022,8.374,8.597,8.007,7.363,7.585,7.865,6.458,6.286,5.805,5.873,4.608,5.574,5.758,4.370,4.265,4.873,5.017,4.045,4.594,3.616,2.884,3.895,4.050,2.879,2.290,3.140,2.596,2.501,1.872,2.029,2.248,1.452,1.076,1.350,
355,-5.393,-4.296,-3.618,-3.562,-2.627,-2.064,-1.402,-2.616,-1.945,-2.275,-1.144,-1.661,-1.939,-1.120,-1.508,-1.207,-1.146,-1.393,-1.130,-0.914,-1.297,-0.678,-1.029,-0.926,-1.044,-0.565,-0.830,-0.543,-0.696,-0.975,-0.474,-0.348,-0.551,-0.558,-0.134,0.103,0.206,0.163,0.168,0.073,0.903,0.690,0.698,1.572,1.591,1.265,2.518,2.074,2.310,6.460,136.100,1721.637,1938.759,1910.466,1177.541,65.219,6.835,6.048,5.255,6.733,7.295,7.018,7.751,8.216,8.411,10.172,9.475,10.872,10.767,12.743,13.072,12.564,14.352,16.249,17.622,22.499,23.067,24.272,24.691,23.813,22.137,23.542,22.983,24.522,24.931,23.931,24.472,25.882,24.531,25.444,25.793,24.737,26.315,26.585,28.006,25.076,25.978,25.144,26.642,27.255,25.725,25.658,24.058,24.543,25.766,24.352,24.490,23.839,23.725,22.591,23.035,22.840,23.626,20.737,20.242,20.546,20.736,19.636,19.142,19.126,17.067,18.001,17.311,15.908,14.969,15.759,14.048,14.540,14.077,13.384,12.270,12.756,12.312,12.594,11.739,11.227,10.182,10.629,10.982,8.489,8.332,8.976,8.384,8.525,8.254,7.877,6.335,6.831,5.440,6.603,6.684,4.690,6.523,5.341,4.279,5.253,4.101,4.262,4.660,3.657,4.102,2.847,3.947,3.024,2.401,2.719,2.224,3.005,1.924,2.368,2.358,0.959,1.680,1.701,1.884,1.142,
360,-2.419,-4.326,-1.899,-2.429,-1.666,-1.717,-1.596,-1.284,-1.600,-1.112,-1.605,-1.312,-0.979,-0.851,-1.088,-1.009,-0.399,-0.646,-0.349,-0.754,-0.408,-0.578,-0.534,-0.561,-0.084,-0.475,-0.279,-0.521,-0.891,-0.482,-0.609,-0.398,-0.238,-0.188,-0.025,0.054,-0.177,0.384,0.346,0.482,0.985,0.482,0.718,1.084,1.016,1.264,2.113,1.670,2.239,2.468,2.162,3.940,33.778,697.625,1796.207,1780.074,1758.929,333.886,12.438,4.851,6.268,6.176,5.726,6.354,6.863,7.021,8.682,8.267,9.898,9.709,10.992,11.424,12.777,12.074,14.675,15.719,15.094,17.287,21.271,20.733,24.557,23.832,23.739,22.855,21.565,20.719,21.803,23.091,21.881,22.258,22.923,23.235,23.317,24.686,22.942,24.150,24.312,25.785,24.397,25.411,24.576,25.079,24.941,24.088,23.587,21.643,23.447,23.650,23.542,21.531,22.181,21.153,21.058,20.340,18.937,19.938,18.879,19.678,18.725,17.267,16.830,16.817,17.042,16.512,14.961,15.718,14.754,13.706,13.910,12.937,12.602,12.594,10.772,11.503,12.017,10.338,11.303,10.594,10.209,9.482,9.716,8.361,8.801,7.716,8.095,7.458,7.303,7.934,6.900,7.389,6.297,5.521,6.045,4.851,5.504,4.000,4.916,4.293,3.956,3.791,3.826,3.440,3.239,3.023,1.678,2.314,2.856,2.058,2.056,2.002,2.436,1.996,2.938,1.474,1.356,1.923,
365,-2.426,-3.122,-2.111,-1.553,-1.269,-1.458,-2.233,-1.570,-1.361,-0.381,-0.727,-0.729,-1.202,-0.617,-0.543,-0.881,-0.840,0.628,-0.520,-0.175,-0.491,-0.761,-0.578,-0.780,-0.829,-0.275,-0.700,-0.638,-0.029,-0.514,-0.290,-0.092,-0.451,-0.145,-0.679,-0.101,-0.487,-0.364,-0.125,-0.070,0.125,0.452,0.924,1.108,0.587,0.615,1.426,0.819,1.531,1.168,2.128,2.059,2.591,3.269,5.493,195.486,1562.180,1661.072,1649.376,1202.702,58.822,5.830,4.376,4.783,5.441,6.185,6.460,7.269,7.814,7.581,7.733,9.494,8.805,10.270,10.523,10.952,11.307,13.503,14.120,14.480,16.447,19.137,20.211,20.712,21.988,21.080,20.813,19.302,18.547,19.360,21.412,20.511,22.895,22.174,21.729,22.965,20.734,22.252,22.485,23.674,23.407,23.062,23.552,22.778,22.208,22.677,22.888,19.752,20.788,21.024,19.836,19.750,20.304,19.365,19.850,16.968,18.792,18.939,18.792,17.147,16.433,15.541,15.189,14.442,15.413,13.200,13.792,13.185,14.407,12.524,12.648,12.921,12.171,10.884,10.448,9.936,10.687,9.133,9.450,10.041,9.056,9.498,8.807,8.261,8.498,7.356,7.071,6.491,6.098,6.240,5.924,7.353,5.601,5.224,5.018,5.129,4.080,4.510,3.531,4.022,2.750,4.557,3.370,3.634,2.182,3.420,3.156,2.428,2.016,2.277,2.859,1.768,1.191,1.456,0.951,0.622,
370,-4.675,-2.177,-2.736,-2.503,-1.739,-2.354,-1.894,-1.859,-2.152,-1.559,-1.466,-1.200,-1.131,-1.314,-0.903,-1.225,-1.106,-0.862,-0.624,-1.150,-0.676,-0.760,-0.764,-0.996,-0.809,-0.853,-0.910,-0.592,-1.016,-0.600,-0.499,-0.572,-0.304,-0.699,-0.502,-0.605,-0.686,-0.540,-0.400,-0.483,-0.165,0.000,0.097,0.042,0.325,0.302,0.313,0.615,0.420,1.115,0.997,1.440,1.322,2.320,1.854,2.860,3.064,21.319,536.740,1561.117,1549.439,1535.343,516.537,12.855,4.997,4.475,4.979,5.045,5.507,6.147,6.122,7.365,7.431,8.152,8.632,9.936,9.048,9.203,10.949,11.891,12.653,13.926,14.197,16.042,16.497,18.317,18.739,20.770,19.919,19.166,18.205,18.508,18.265,19.563,18.744,20.547,20.225,19.937,19.488,21.166,19.968,19.574,21.179,20.110,21.225,19.742,20.108,19.902,20.701,19.208,18.970,18.986,18.820,18.996,19.923,18.352,17.166,15.500,16.036,17.112,15.814,14.523,15.561,13.273,14.203,14.328,15.496,11.563,12.639,13.262,12.892,12.836,12.032,11.407,9.913,8.683,11.354,9.182,7.536,8.980,8.084,8.975,7.763,6.439,6.977,6.564,6.521,6.651,6.734,6.223,5.166,5.686,5.269,5.569,5.643,3.948,4.281,3.841,3.229,4.412,3.137,3.419,4.192,3.760,2.210,2.981,2.659,2.187,2.441,1.426,2.311,2.101,1.411,1.682,2.315,1.255,
375,-2.964,-1.295,-2.107,-2.511,-1.945,-2.623,-1.328,-2.294,-1.069,-1.639,-1.230,-1.062,-1.199,-1.117,-1.052,-0.880,-1.110,-1.110,-0.721,-1.061,-1.191,-0.846,-0.889,-0.886,-0.465,-0.791,-1.043,-0.928,-0.981,-0.617,-0.665,-0.397,-0.710,-0.634,-0.314,-0.471,-0.586,-0.527,-0.393,-0.800,-0.257,-0.467,-0.228,-0.295,-0.129,0.096,0.378,0.694,0.555,0.792,0.669,0.466,1.165,1.269,1.661,1.780,1.599,2.189,2.962,6.012,208.640,1393.873,1477.396,1472.074,1088.545,77.875,4.631,4.890,4.608,5.333,5.220,5.435,5.926,6.211,5.934,7.598,8.098,9.379,9.691,10.059,10.352,10.325,11.212,11.973,13.824,14.563,15.110,14.981,17.165,17.884,18.984,18.803,17.974,17.182,17.030,17.454,16.215,17.821,18.348,18.087,19.379,18.554,18.426,19.910,19.001,17.758,19.999,17.044,17.700,18.308,18.128,18.377,18.790,18.120,16.217,15.270,17.061,16.296,14.515,14.347,13.911,15.339,14.167,15.070,14.673,12.670,14.361,12.587,12.901,11.173,10.919,10.980,10.647,11.849,11.109,11.784,9.301,8.521,8.427,9.003,7.286,9.300,6.728,6.712,6.612,7.249,6.091,6.155,7.115,6.700,6.532,5.021,4.704,4.978,3.756,5.171,4.175,3.020,4.175,4.123,4.289,3.389,2.700,2.569,3.002,2.382,1.987,1.790,1.960,2.451,2.105,1.355,1.477,1.119,0.969,1.482,
380,-3.742,-3.173,-2.199,-1.988,-1.516,-2.167,-1.620,-1.482,-1.667,-1.001,-1.866,-0.868,-1.449,-0.768,-0.907,-1.069,-0.556,-1.065,-0.916,-0.943,-1.146,-0.903,-0.977,-0.953,-0.533,-0.700,-0.867,-0.718,-0.655,-0.842,-0.536,-0.482,-0.592,-0.702,-0.807,-0.445,-0.632,-0.558,-0.518,-0.638,-0.272,-0.675,-0.305,-0.380,-0.291,-0.390,-0.140,0.055,0.066,0.203,0.662,0.729,0.666,0.831,1.170,0.894,1.019,1.771,1.543,2.056,2.350,3.439,25.017,775.152,1417.128,1414.129,1415.309,412.506,12.508,4.538,4.548,4.491,5.182,6.363,6.033,6.109,5.577,6.455,6.729,8.276,8.131,9.201,8.830,11.191,9.956,11.737,11.745,11.506,11.936,12.194,12.831,15.994,17.050,16.635,17.457,16.265,17.214,16.040,16.711,15.799,17.090,17.002,16.143,16.571,16.846,16.185,15.628,15.639,15.671,15.783,16.486,16.742,16.717,16.042,15.416,15.026,14.589,14.967,15.843,14.165,13.174,12.937,13.194,13.961,13.420,12.338,13.045,11.392,10.797,11.204,10.468,10.459,11.405,9.713,10.048,10.029,9.470,8.924,8.661,7.946,6.694,8.096,6.686,7.102,6.011,6.484,6.260,6.486,5.464,4.871,5.166,4.662,4.681,4.641,4.364,3.943,3.845,4.352,4.717,3.190,3.694,3.196,3.114,2.820,3.238,2.499,2.059,2.101,2.656,1.928,1.744,1.370,1.638,2.062,1.244,0.788,
385,-2.921,-2.984,-2.643,-1.449,-2.082,-1.967,-1.946,-1.438,-0.893,-1.403,-0.368,-1.235,-1.014,-1.171,-0.958,-0.997,-1.074,-1.185,-1.025,-1.080,-0.765,-0.951,-0.611,-0.890,-0.662,-0.839,-0.759,-0.707,-0.795,-0.759,-0.629,-0.715,-0.646,-0.757,-0.602,-0.299,-0.689,-0.559,-0.297,-0.373,-0.671,-0.308,-0.479,-0.467,-0.372,-0.042,-0.351,-0.215,0.189,0.009,0.280,0.442,0.401,0.724,0.492,0.679,1.278,0.738,1.120,1.190,1.838,2.107,2.171,2.151,4.400,115.175,1264.318,1407.846,1406.999,1229.266,112.888,5.574,4.273,4.452,4.423,4.650,5.077,4.535,5.285,6.251,5.583,7.162,6.551,7.988,8.556,8.097,8.091,8.684,9.180,9.468,11.264,11.068,11.366,12.052,12.805,13.969,14.382,15.276,14.946,14.461,14.461,13.429,15.548,14.975,14.618,14.667,14.288,15.606,14.495,13.601,13.832,14.979,14.705,14.096,14.310,14.287,13.857,13.473,13.339,11.724,13.574,11.806,11.373,12.305,11.726,11.205,10.980,9.637,10.832,9.934,10.137,10.489,9.669,9.500,9.952,7.441,8.248,7.940,7.651,7.868,7.710,7.085,6.581,6.324,6.673,5.652,6.092,4.481,4.986,4.868,4.680,4.252,5.316,3.714,3.118,3.589,3.767,3.822,2.941,2.805,2.441,3.255,2.501,2.553,2.570,2.156,2.300,1.771,2.436,1.492,2.350,1.555,1.355,1.245,1.537,1.364,
390,-3.692,-3.576,-2.602,-1.785,-1.910,-1.534,-1.887,-1.946,-1.141,-1.581,-1.260,-1.513,-1.396,-1.211,-1.101,-1.274,-1.284,-0.884,-0.911,-1.278,-0.856,-0.900,-0.913,-0.906,-0.755,-0.915,-0.680,-0.760,-0.549,-0.504,-0.657,-0.743,-0.691,-0.370,-0.438,-0.609,-0.493,-0.450,-0.337,-0.340,-0.543,-0.222,-0.250,-0.355,-0.072,0.247,-0.276,-0.231,0.037,-0.090,0.165,0.179,0.655,0.337,0.568,0.556,0.691,0.841,0.725,1.237,0.894,1.759,1.785,1.739,2.049,1.938,3.031,29.172,642.471,1371.155,1384.972,1402.361,369.696,14.188,4.613,3.803,4.099,4.866,3.438,5.243,4.613,4.867,5.131,5.754,6.190,6.184,7.274,6.907,7.373,8.383,8.391,9.005,9.392,8.729,9.377,10.850,11.082,11.763,12.207,13.251,13.174,13.195,13.520,11.738,11.934,12.330,11.571,11.964,12.337,13.390,13.194,12.527,12.721,12.451,13.135,12.073,11.309,12.080,11.971,11.237,10.472,10.085,10.907,9.612,9.740,11.020,9.405,8.970,9.102,9.448,9.101,8.250,8.075,8.778,7.350,8.277,7.620,7.238,6.271,6.558,7.063,6.140,6.391,6.606,5.195,5.815,5.698,4.998,4.156,4.427,3.992,5.074,4.344,4.557,3.176,4.074,4.344,3.313,3.101,2.686,3.087,2.085,2.456,2.226,2.911,3.054,2.502,1.191,1.930,1.565,2.085,2.159,1.651,1.280,1.103,0.578,
395,-3.950,-2.092,-2.280,-1.794,-2.163,-1.447,-1.265,-1.641,-1.106,-1.042,-1.261,-0.841,-0.883,-1.308,-0.828,-0.977,-0.929,-0.593,-0.550,-0.834,-0.894,-0.881,-0.779,-0.623,-0.797,-0.636,-0.650,-0.577,-0.802,-0.635,-0.524,-0.374,0.001,-0.255,-0.782,-0.581,-0.595,-0.461,-0.513,-0.510,-0.468,-0.381,-0.380,-0.325,-0.102,-0.391,0.136,-0.064,0.043,-0.054,-0.306,-0.057,0.001,-0.029,0.204,0.200,0.307,0.598,0.451,0.516,0.819,0.933,0.931,0.793,1.220,1.373,1.653,2.511,2.609,5.552,146.179,1210.964,1297.367,1310.845,1116.386,62.882,3.769,3.793,3.741,3.247,3.937,4.559,3.810,4.128,4.237,4.430,4.698,5.541,5.056,5.678,7.089,6.653,7.302,7.324,7.109,7.750,7.944,8.965,8.574,9.842,10.179,10.642,11.510,11.770,11.876,11.193,10.888,11.006,10.571,10.098,9.590,11.057,9.598,9.862,10.680,10.333,9.453,9.794,9.541,9.456,9.084,9.052,8.672,9.053,9.131,8.599,8.712,8.456,8.971,8.645,7.181,7.628,7.144,7.250,7.214,6.437,5.163,6.952,5.741,5.787,6.208,5.571,5.113,5.173,5.652,5.287,5.400,4.166,5.144,4.384,4.509,3.942,4.063,3.435,2.903,3.536,2.891,3.061,2.371,3.106,2.711,2.135,2.919,1.574,1.559,1.475,1.959,2.001,2.036,1.784,1.523,1.516,0.625,1.305,1.325,1.085,
400,-3.799,-2.715,-2.134,-2.198,-1.719,-1.591,-0.987,-1.840,-1.061,-1.571,-0.956,-1.274,-1.325,-1.368,-1.276,-0.927,-0.961,-0.815,-0.933,-0.763,-0.469,-0.854,-0.733,-0.762,-0.885,-0.526,-0.693,-0.679,-0.428,-0.575,-0.806,-0.408,-0.525,-0.525,-0.412,-0.344,-0.509,-0.420,-0.540,-0.342,-0.601,-0.474,-0.372,-0.199,-0.123,0.051,-0.317,-0.265,-0.213,-0.386,-0.149,-0.252,-0.089,-0.260,0.124,0.051,0.313,0.137,0.379,0.517,0.333,0.844,0.629,0.975,0.929,0.986,1.113,1.579,1.817,2.310,2.136,2.802,25.529,492.458,1276.911,1284.999,1283.600,399.202,11.470,3.689,3.258,3.505,3.838,3.439,3.326,3.362,3.733,4.374,4.840,4.497,4.634,5.154,5.387,5.393,6.549,6.191,6.193,6.532,7.060,7.323,7.226,7.072,8.357,8.565,9.476,9.893,10.499,10.037,9.593,9.696,9.240,8.578,8.831,9.407,8.160,7.968,9.241,8.236,8.363,8.672,8.740,8.536,8.723,7.802,8.475,7.247,8.124,7.925,7.567,6.810,6.786,6.580,7.425,6.016,6.549,6.475,6.077,5.578,5.618,5.651,4.795,4.955,4.740,4.864,4.294,4.206,5.066,4.340,4.056,3.854,3.908,2.717,3.432,2.784,2.760,2.849,2.751,2.756,2.564,2.583,2.912,2.853,2.344,2.549,1.776,1.560,1.599,1.277,1.087,0.765,2.020,1.342,1.033,0.943,1.070,0.653,
405,-2.961,-2.744,-2.563,-1.655,-1.859,-1.920,-1.740,-1.716,-1.548,-1.055,-1.204,-1.123,-1.225,-0.869,-1.089,-1.055,-0.458,-0.825,-0.807,-0.832,-0.863,-0.737,-0.669,-0.692,-0.555,-0.780,-0.534,-0.770,-0.484,-0.690,-0.654,-0.548,-0.446,-0.354,-0.303,-0.367,-0.402,-0.387,-0.337,-0.452,-0.449,-0.204,-0.573,-0.226,-0.429,-0.569,-0.294,-0.378,-0.324,-0.374,-0.176,-0.421,-0.177,-0.174,-0.236,-0.138,-0.098,-0.314,0.128,0.172,0.220,0.452,0.127,0.653,0.773,0.495,0.798,1.172,0.983,1.151,1.375,1.828,2.109,2.780,6.404,218.647,1261.921,1317.508,1314.291,881.052,39.552,3.848,3.243,3.002,2.789,3.055,2.887,3.880,3.470,4.073,4.680,4.661,5.039,5.283,4.994,5.583,5.324,5.943,5.649,6.378,6.242,6.797,6.888,6.926,8.015,8.098,8.181,7.896,8.645,9.386,9.156,9.411,9.162,8.954,8.267,7.661,8.379,8.520,8.830,7.409,8.040,8.346,8.058,8.199,6.862,7.802,7.273,7.966,6.754,7.243,7.186,6.875,7.167,6.422,5.989,6.309,5.846,5.289,4.954,5.179,5.316,5.027,5.156,4.751,5.317,4.743,3.578,3.614,3.614,3.909,3.805,3.320,3.544,4.060,3.810,2.791,3.312,2.365,2.532,2.313,2.391,2.227,2.069,2.295,1.738,2.191,1.098,1.607,1.580,1.093,1.677,0.923,1.570,0.639,0.825,0.694,
410,-3.030,-2.113,-2.409,-2.532,-0.988,-1.877,-1.809,-1.349,-1.291,-1.386,-1.268,-1.351,-0.759,-0.973,-0.624,-0.877,-0.818,-1.205,-0.568,-0.813,-0.942,-0.862,-0.787,-0.604,-0.950,-0.747,-0.696,-0.429,-0.755,-0.859,-0.831,-0.574,-0.515,-0.640,-0.359,-0.569,-0.450,-0.181,-0.383,-0.252,-0.426,-0.434,-0.417,-0.415,-0.277,-0.341,-0.450,-0.378,-0.076,-0.294,-0.183,-0.322,-0.277,-0.451,-0.359,-0.326,-0.090,-0.231,-0.145,-0.218,0.291,0.077,0.539,0.366,0.434,0.158,0.551,0.557,0.262,0.635,1.084,1.336,1.060,1.742,1.954,1.946,2.948,32.815,816.399,1277.437,1265.371,1247.504,222.975,5.568,2.994,3.107,3.243,3.043,3.089,3.060,3.506,3.766,3.455,4.262,4.417,4.982,4.585,4.951,5.547,6.025,5.974,6.069,5.295,6.448,6.382,6.865,6.654,7.699,7.143,7.825,7.874,8.275,8.655,9.500,9.506,8.546,9.581,7.838,8.202,7.792,7.843,7.090,7.553,7.957,8.222,6.835,7.525,7.141,6.545,7.650,6.518,6.078,6.815,6.053,6.218,5.779,6.349,6.278,5.165,4.761,5.994,5.351,3.507,5.031,5.279,4.395,4.220,4.213,3.828,3.492,3.217,3.070,4.298,3.014,3.133,2.509,3.175,3.604,2.453,2.220,2.359,2.100,2.748,2.222,2.452,1.773,1.545,0.787,2.203,1.140,0.763,1.418,0.735,0.615,1.244,0.406,
415,-4.003,-2.968,-2.033,-1.694,-2.055,-1.669,-1.542,-1.425,-1.254,-0.894,-1.264,-1.430,-0.528,-1.058,-1.122,-0.949,-0.793,-0.882,-0.689,-0.800,-0.889,-0.682,-0.741,-0.582,-0.678,-0.525,-0.610,-0.291,-0.592,-0.365,-0.537,-0.517,-0.584,-0.228,-0.494,-0.273,-0.586,-0.395,-0.433,-0.478,-0.380,-0.441,-0.384,-0.400,-0.287,-0.451,-0.265,-0.310,-0.301,-0.141,-0.210,-0.528,-0.387,-0.383,-0.301,-0.455,-0.384,-0.182,-0.068,-0.132,-0.103,0.078,0.097,0.203,0.274,0.321,0.355,0.430,0.619,0.677,0.834,0.850,0.917,1.248,1.297,1.689,1.630,1.987,1.870,6.398,180.716,1194.332,1231.125,1212.059,742.394,38.639,3.357,2.704,2.979,3.088,2.941,3.449,3.070,3.397,3.612,3.565,3.552,4.813,4.502,4.745,5.815,5.574,4.846,6.159,5.432,6.380,5.750,6.053,6.168,6.363,6.514,7.990,6.533,7.254,7.129,7.843,7.422,8.296,8.071,7.144,7.511,6.695,8.169,7.139,6.548,6.799,6.819,6.506,6.548,7.185,6.353,6.313,5.762,6.357,6.426,5.726,6.002,5.232,5.650,4.668,4.924,5.423,4.778,4.853,3.842,4.200,4.297,3.948,4.631,3.856,3.347,3.614,4.191,3.548,3.293,3.173,3.074,2.346,2.860,2.412,2.385,1.964,2.073,2.582,2.479,2.437,1.562,1.538,1.857,1.595,0.884,1.798,0.996,0.524,0.977,1.206,
420,-2.908,-2.656,-2.093,-1.911,-1.712,-1.772,-1.385,-1.192,-1.259,-1.304,-0.767,-0.994,-0.908,-0.822,-0.862,-0.943,-0.821,-0.688,-0.397,-0.704,-0.546,-0.670,-0.470,-0.493,-0.446,-0.765,-0.620,-0.517,-0.664,-0.475,-0.477,-0.492,-0.421,-0.238,-0.421,-0.500,-0.502,-0.302,-0.590,-0.334,-0.335,-0.384,-0.319,-0.479,-0.308,-0.335,-0.319,-0.353,-0.262,-0.268,-0.465,-0.235,-0.277,-0.307,-0.190,-0.108,-0.231,-0.145,-0.072,-0.170,-0.159,-0.101,-0.216,-0.104,-0.068,0.135,0.114,0.195,0.357,0.432,0.498,0.388,0.780,0.790,0.591,1.043,1.583,0.970,1.378,1.723,1.650,3.263,50.230,850.018,1113.803,1097.363,1047.844,110.383,4.699,2.450,2.481,2.942,2.822,2.727,3.146,2.847,3.471,3.343,3.653,4.366,3.688,4.274,4.143,4.829,4.349,4.565,4.968,5.675,5.928,4.496,5.924,5.598,5.455,6.769,6.190,6.386,6.719,6.271,6.793,7.165,7.287,6.724,6.704,6.994,6.131,6.262,5.345,6.346,5.587,5.615,5.852,5.302,5.622,6.193,5.120,5.989,4.587,4.929,5.100,5.303,4.616,4.734,4.567,4.130,3.717,3.888,3.822,3.754,4.014,3.356,2.902,3.252,3.199,2.295,3.347,2.906,2.546,2.616,2.542,2.450,1.850,1.774,2.335,1.918,1.931,1.827,1.928,1.320,1.486,1.429,0.812,1.481,1.501,1.010,1.240,0.804,
425,-2.202,-1.639,-1.457,-1.724,-1.275,-1.406,-1.405,-1.081,-0.998,-0.911,-1.077,-1.059,-1.196,-0.579,-0.626,-0.496,-0.815,-0.824,-0.597,-0.702,-0.572,-0.386,-0.558,-0.497,-0.858,-0.506,-0.629,-0.329,-0.627,-0.589,-0.324,-0.698,-0.398,-0.420,-0.427,-0.526,-0.257,-0.318,-0.579,-0.455,-0.486,-0.550,-0.501,-0.386,-0.522,-0.328,-0.448,-0.349,-0.418,-0.326,-0.273,-0.382,-0.277,-0.285,-0.174,-0.257,-0.279,-0.259,-0.210,-0.053,-0.099,-0.007,-0.146,0.092,-0.163,0.101,0.143,0.045,0.174,0.386,0.193,0.308,0.516,0.516,0.613,0.494,0.919,0.756,0.885,0.959,1.048,1.502,1.581,1.516,6.608,206.575,1054.174,1044.067,1033.531,526.246,18.917,2.746,2.067,2.144,2.989,2.485,2.976,2.865,2.525,3.124,3.057,3.146,3.413,3.724,3.856,4.842,4.222,4.723,4.503,5.226,4.483,4.351,5.189,4.564,4.322,5.282,5.520,5.476,5.161,4.742,5.448,5.847,6.533,6.610,5.632,5.770,5.419,5.636,5.391,5.529,4.329,4.739,4.751,4.446,5.192,4.691,4.755,4.148,4.306,4.386,4.199,4.792,3.911,3.711,4.056,3.691,3.088,3.408,2.875,3.054,3.669,2.829,2.817,2.885,2.447,2.234,2.001,2.875,2.024,2.121,1.995,2.596,1.786,1.379,1.395,1.743,1.742,1.499,1.132,1.140,1.614,0.974,1.350,1.201,0.557,0.766,
430,-2.664,-1.905,-1.909,-1.335,-1.007,-0.813,-1.289,-1.532,-1.290,-1.278,-0.596,-0.932,-0.836,-0.716,-0.768,-0.784,-0.899,-0.681,-0.414,-0.616,-0.793,-0.857,-0.794,-0.853,-0.334,-0.736,-0.566,-0.674,-0.500,-0.456,-0.686,-0.273,-0.497,-0.270,-0.415,-0.592,-0.213,-0.525,-0.318,-0.467,-0.272,-0.291,-0.453,-0.390,-0.323,-0.300,-0.444,-0.353,-0.182,-0.304,-0.148,-0.500,-0.224,-0.211,-0.367,-0.106,-0.341,-0.194,-0.255,-0.243,-0.042,-0.088,-0.194,-0.196,-0.236,-0.050,-0.186,-0.153,-0.044,-0.000,0.039,0.223,0.388,0.455,0.307,0.308,0.797,0.346,0.692,0.471,0.670,0.795,1.120,1.124,1.150,1.451,1.712,38.770,548.712,960.948,951.531,943.054,140.882,4.643,2.343,2.012,2.406,2.799,2.275,2.073,2.818,2.347,2.591,2.937,2.774,3.393,3.413,3.077,3.767,3.740,4.048,3.710,4.069,4.015,4.159,4.786,4.348,4.416,4.006,3.831,4.738,4.582,4.256,4.448,4.656,5.613,5.122,5.387,5.216,5.119,4.589,4.012,4.122,4.360,3.884,4.212,4.064,3.866,4.076,3.737,3.556,4.251,3.762,3.551,3.252,3.293,2.588,3.459,2.892,2.791,2.952,2.235,2.891,2.597,2.788,2.189,1.925,2.310,1.317,1.877,1.377,1.450,1.577,1.880,1.453,1.408,1.662,1.368,1.016,1.587,1.019,1.398,0.637,0.547,0.609,0.892,
435,-2.745,-2.651,-2.188,-1.745,-1.054,-0.933,-1.035,-0.937,-1.123,-1.018,-1.071,-0.925,-0.885,-0.706,-0.850,-0.565,-0.784,-0.674,-0.719,-0.637,-0.362,-0.580,-0.738,-0.536,-0.415,-0.459,-0.679,-0.400,-0.438,-0.543,-0.692,-0.570,-0.578,-0.413,-0.396,-0.409,-0.447,-0.350,-0.134,-0.454,-0.415,-0.001,-0.420,-0.347,-0.292,-0.324,-0.149,-0.293,-0.329,-0.233,-0.372,-0.135,-0.264,-0.099,-0.341,-0.301,-0.234,-0.284,-0.165,-0.261,-0.117,-0.248,0.016,-0.125,-0.271,-0.212,-0.034,-0.092,-0.152,-0.018,-0.079,0.014,0.282,0.151,0.153,0.139,0.337,0.171,0.361,0.488,0.329,0.731,0.580,0.814,1.038,0.990,1.255,0.924,1.436,5.422,193.210,871.578,888.539,886.972,463.346,18.339,2.331,1.757,2.131,2.275,2.357,1.998,2.277,2.659,2.868,2.867,2.553,2.585,3.024,2.969,3.092,3.603,3.803,3.185,3.222,3.677,3.524,3.265,3.378,3.819,3.082,3.698,3.412,3.502,4.297,4.107,4.068,3.686,4.219,4.486,4.430,4.920,4.037,4.286,3.906,3.919,4.014,3.430,3.730,3.550,3.480,3.664,2.849,3.011,2.664,2.922,2.621,3.172,3.023,2.364,2.372,2.988,2.831,2.034,2.251,2.524,2.148,1.591,1.100,1.321,1.754,1.249,1.405,1.472,1.456,1.515,0.880,0.958,1.190,1.543,0.557,1.624,0.702,0.594,0.897,0.669,
440,-2.676,-1.995,-1.212,-1.510,-1.362,-1.033,-0.778,-0.898,-0.801,-0.766,-0.811,-0.807,-0.542,-0.687,-0.725,-0.738,-0.383,-0.253,-0.586,-0.603,-0.708,-0.378,-0.450,-0.607,-0.188,-0.401,-0.293,-0.455,-0.366,-0.427,-0.431,-0.434,-0.327,-0.482,-0.341,-0.335,-0.284,-0.406,-0.386,-0.284,-0.371,-0.331,-0.211,-0.245,-0.321,-0.542,-0.239,-0.307,-0.300,-0.177,-0.365,-0.112,-0.262,-0.334,-0.397,-0.264,-0.392,-0.312,-0.243,-0.215,-0.199,-0.076,-0.163,0.006,-0.103,0.062,-0.195,-0.092,-0.138,-0.126,-0.010,-0.107,0.014,0.002,0.199,0.188,0.214,0.199,0.292,0.328,0.212,0.288,0.485,0.688,0.427,0.665,0.637,0.982,0.701,1.121,0.964,1.489,23.773,502.211,819.875,820.632,789.345,123.960,4.049,1.942,1.990,1.943,2.031,2.395,2.454,2.230,2.055,2.115,2.262,2.591,2.685,2.648,2.522,2.866,3.328,2.759,2.587,3.293,3.317,3.262,2.962,3.219,3.116,3.015,2.981,3.476,3.111,2.822,3.897,3.569,3.683,4.184,3.973,3.666,3.582,3.986,3.121,3.216,3.103,2.886,4.058,2.691,2.734,2.807,2.830,2.366,3.213,2.393,2.344,2.485,2.531,2.160,2.771,1.590,2.071,1.939,2.521,1.909,2.127,1.804,1.727,1.588,1.483,1.564,1.347,1.355,1.125,0.695,1.244,0.760,0.931,1.065,0.920,1.106,1.300,0.584,
445,-1.981,-1.500,-1.530,-1.558,-0.987,-0.919,-0.963,-0.934,-0.902,-0.745,-0.852,-0.728,-0.725,-0.560,-0.488,-0.728,-0.616,-0.476,-0.558,-0.605,-0.240,-0.427,-0.585,-0.383,-0.620,-0.450,-0.271,-0.576,-0.415,-0.514,-0.518,-0.402,-0.284,-0.453,-0.268,-0.384,-0.356,-0.250,-0.247,-0.294,-0.366,-0.362,-0.219,-0.331,-0.191,-0.121,-0.330,-0.294,-0.216,-0.125,-0.187,-0.199,-0.223,-0.227,-0.330,-0.125,0.006,-0.256,-0.208,-0.030,-0.249,-0.123,-0.180,-0.176,-0.174,-0.229,-0.005,-0.199,-0.171,-0.043,-0.149,-0.040,-0.063,0.085,-0.204,0.111,0.385,0.082,0.273,0.251,0.178,-0.033,0.282,0.403,0.233,0.606,0.301,0.693,0.654,0.919,0.628,0.826,0.702,0.872,3.217,96.701,746.554,818.142,820.862,462.367,25.764,2.244,1.469,1.635,1.641,1.884,2.100,1.971,1.930,1.808,2.276,2.272,2.380,2.343,2.573,2.844,2.266,2.720,2.321,2.867,2.214,3.210,2.703,2.586,2.769,2.868,2.787,3.326,3.310,2.781,2.855,3.090,3.430,3.233,3.655,3.702,3.709,2.803,3.580,3.409,2.802,3.029,2.722,2.516,2.520,2.436,2.428,2.280,2.063,2.001,2.310,1.925,1.712,2.448,2.276,2.284,1.371,1.787,1.967,1.760,1.186,1.721,1.592,1.080,1.286,1.415,0.737,0.899,0.996,0.772,0.733,0.635,0.922,0.375,1.107,0.383,
450,-1.984,-1.871,-0.943,-1.123,-0.866,-0.909,-0.793,-1.044,-0.553,-0.522,-0.673,-0.268,-0.647,-0.601,-0.542,-0.671,-0.320,-0.529,-0.388,-0.583,-0.209,-0.513,-0.414,-0.444,-0.300,-0.386,-0.300,-0.402,-0.409,-0.225,-0.270,-0.300,-0.267,-0.313,-0.294,-0.206,-0.109,-0.340,-0.224,-0.273,-0.246,-0.306,-0.009,-0.235,-0.364,-0.248,-0.204,-0.238,-0.260,-0.077,-0.238,-0.173,-0.176,-0.233,-0.135,-0.156,-0.274,-0.180,-0.212,-0.170,-0.115,-0.050,-0.167,-0.163,-0.116,-0.138,-0.024,-0.307,0.052,-0.151,-0.038,0.010,-0.003,0.078,-0.024,-0.031,-0.077,0.099,0.112,0.236,0.107,0.256,0.219,0.298,0.102,0.397,0.343,0.364,0.322,0.363,0.484,0.444,0.509,0.596,0.867,0.800,1.335,18.365,346.492,721.030,723.931,719.125,102.606,3.851,1.692,1.828,1.731,1.458,1.904,1.975,1.838,1.875,1.758,1.965,2.423,1.672,1.761,2.344,2.148,2.501,2.390,2.313,2.428,2.812,2.182,2.628,2.540,2.982,3.227,2.650,2.786,2.769,2.767,2.411,2.565,2.421,2.746,2.827,3.196,2.822,3.210,3.402,2.750,2.638,2.672,2.148,2.408,1.747,2.050,1.761,2.090,1.599,2.222,1.456,1.496,2.195,1.615,1.506,1.563,1.951,1.291,1.731,1.138,0.903,0.968,0.916,0.972,0.707,0.892,0.681,0.399,0.436,0.371,0.563,0.536,0.654,
