"Summary"
"[Software Information]"
"Software Name:","LabSolutions RF"
"Version:","1.12"
"[Data Information]"
"Data is:","Modified"
"Sample Name:","SP01_1006"
"Sample ID"
"Option"
"Analyst"
"Date/Time:","17/06/2025 09:52:46"
"Comments"
"[Instrument Information]"
"Instrument Name:","Fluoro"
"Instrument Type:","RF-6000 Series"
"Model (S/N):","RF-6000 (A40245500667SA)"

"Parameter"
"[Measurement]"
"Spectrum Type:","3D"
"EX Wavelength Start:","240.0 nm"
"EX Wavelength End:","450.0 nm"
"Data Interval:","5.0 nm"
"EM Wavelength Start:","250.0 nm"
"EM Wavelength End:","600.0 nm"
"Data Interval:","2.0 nm"
"Scan Speed:","6000 nm/min"
"[Instrument]"
"EX Bandwidth:","3.0 nm"
"EM Bandwidth:","3.0 nm"
"Sensitivity:","High"
"[Attachment]"
"Attachment:","None"
"[Auto Print]"
"Auto Print:","No"
"Report File:",""

"SP01_1006.fs3f - CorrectionData"
"EX Wavelength/EM Wavelength",250,252,254,256,258,260,262,264,266,268,270,272,274,276,278,280,282,284,286,288,290,292,294,296,298,300,302,304,306,308,310,312,314,316,318,320,322,324,326,328,330,332,334,336,338,340,342,344,346,348,350,352,354,356,358,360,362,364,366,368,370,372,374,376,378,380,382,384,386,388,390,392,394,396,398,400,402,404,406,408,410,412,414,416,418,420,422,424,426,428,430,432,434,436,438,440,442,444,446,448,450,452,454,456,458,460,462,464,466,468,470,472,474,476,478,480,482,484,486,488,490,492,494,496,498,500,502,504,506,508,510,512,514,516,518,520,522,524,526,528,530,532,534,536,538,540,542,544,546,548,550,552,554,556,558,560,562,564,566,568,570,572,574,576,578,580,582,584,586,588,590,592,594,596,598,600,
240,-174.869,-130.838,-126.649,-88.510,-58.962,-41.935,-34.159,-61.196,-69.574,-56.747,-66.510,-58.452,-57.774,-53.575,-52.195,-45.611,-41.210,-45.634,-45.715,-44.765,-43.473,-38.825,-41.194,-35.665,-31.078,-32.013,-33.333,-31.224,-32.254,-31.579,-25.891,-25.293,-23.333,-23.192,-17.024,-23.513,-26.231,-18.507,-16.841,-13.708,-20.608,-17.977,-18.284,-6.945,-11.927,-8.639,-3.423,-10.635,-13.981,-12.089,-11.480,-11.238,7.178,-7.814,-2.400,-3.518,-3.144,1.211,1.920,-3.161,4.274,1.672,8.287,4.682,4.247,4.481,5.454,12.569,6.945,7.357,8.609,16.596,7.074,15.257,12.799,25.283,2.528,13.052,5.870,23.284,20.848,13.881,12.132,22.857,8.733,12.977,13.072,18.554,14.849,19.760,16.205,24.968,21.483,16.494,10.740,11.452,15.816,20.077,21.721,17.174,17.630,13.405,14.831,22.292,8.869,14.543,14.015,10.880,9.200,11.348,11.052,8.400,40.726,106.086,233.074,302.225,204.860,100.179,37.021,13.986,3.090,9.457,1.562,-1.064,3.578,-11.848,-1.967,3.673,1.730,-1.418,-7.945,-12.649,-2.869,-0.577,0.208,0.633,-0.898,4.713,-3.638,-4.015,-9.099,-12.628,-18.106,-12.581,-12.388,-21.566,-18.408,-18.131,-15.708,-21.205,-28.898,-23.396,-23.843,-13.362,-20.804,-23.029,-23.396,-29.512,-29.731,-32.371,-35.310,-34.392,-34.373,-28.096,-35.130,-32.901,-21.435,-27.803,-33.705,-35.924,-31.482,-34.149,-21.934,-40.228,-42.406,-36.138,
245,-82.171,-118.762,-74.243,-83.444,-64.608,-74.793,-57.771,-11.387,-5.974,-1.838,-31.948,-35.798,-47.061,-43.125,-32.691,-40.889,-29.530,-30.711,-31.833,-32.870,-25.053,-30.024,-22.082,-28.362,-27.919,-21.714,-24.257,-24.637,-21.542,-22.050,-19.270,-18.765,-15.401,-12.477,-11.017,-13.070,-15.281,-15.771,-22.078,-8.739,-8.816,-11.672,-15.876,-8.064,-17.945,-8.161,-7.045,-3.533,-5.398,-6.880,4.124,-5.956,-5.671,5.684,1.715,-3.955,-3.835,11.462,1.459,2.428,14.923,7.760,7.191,5.155,4.582,14.835,12.272,21.389,18.722,15.213,14.046,8.313,6.193,18.688,17.557,18.087,21.468,11.084,28.619,10.846,16.657,20.229,14.282,18.203,19.705,20.887,25.648,20.169,16.696,20.821,28.746,20.003,30.837,15.657,18.956,27.498,15.388,28.901,30.323,33.597,25.188,8.834,17.579,26.151,24.048,13.991,18.125,20.512,13.896,18.487,13.101,10.832,10.617,19.334,10.514,8.476,20.684,33.356,102.568,221.138,302.219,229.379,146.930,42.824,9.561,8.053,16.454,6.512,-3.252,0.454,3.580,6.573,3.115,1.729,-6.753,-1.988,-1.564,-7.160,-12.004,-2.412,-2.127,-1.518,10.558,-9.643,-4.425,-13.697,-11.418,-9.676,-9.553,-19.251,-14.190,-13.626,-16.539,-20.948,-15.421,-15.094,-18.457,-19.048,-20.021,-21.219,-21.790,-26.248,-24.762,-26.221,-26.727,-22.085,-24.514,-25.192,-25.017,-27.310,-30.721,-27.846,-29.474,-25.251,-26.331,-33.756,
250,2314.831,1342.359,204.738,-45.978,-57.082,-45.554,-38.692,-37.092,-37.917,-23.459,1.686,17.827,5.803,-12.826,-27.056,-24.208,-28.985,-22.452,-20.669,-20.552,-20.762,-19.998,-19.255,-16.862,-19.565,-16.143,-14.867,-16.422,-16.465,-18.552,-15.721,-15.540,-14.643,-10.506,-15.095,-3.669,-10.082,-7.415,-11.969,-12.565,-6.346,-10.127,-7.005,-3.809,-3.670,-1.040,-3.906,-4.999,-5.103,-7.754,-2.631,3.197,-4.639,0.523,4.013,0.487,3.006,13.946,4.644,7.705,6.552,8.359,12.726,11.535,17.108,11.343,17.001,10.962,21.879,17.127,16.254,20.578,15.717,20.895,17.312,15.911,30.461,20.848,21.169,23.971,16.751,17.166,32.902,23.813,26.211,24.208,15.798,27.403,21.637,26.791,19.743,31.330,26.350,24.890,29.377,19.882,20.796,25.582,23.053,28.603,25.742,20.545,18.138,27.022,25.321,25.786,22.039,13.263,23.764,15.705,20.479,17.761,16.351,21.844,15.230,13.790,11.048,15.938,19.501,8.638,15.592,7.426,42.644,115.793,244.738,299.715,261.159,134.875,43.634,12.441,7.813,-2.476,5.039,-1.975,0.993,3.283,-0.923,2.827,-4.049,1.732,0.986,-3.215,-3.551,-1.654,-7.049,1.298,2.454,11.992,4.842,6.545,-2.395,-3.608,-9.359,-12.116,-12.244,-14.085,-14.070,-10.817,-10.790,-8.236,-14.149,-15.632,-19.027,-13.019,-20.961,-16.105,-17.076,-18.217,-17.988,-19.697,-17.268,-15.614,-20.538,-22.992,-21.964,-25.130,
255,-5.693,645.752,1877.784,1804.487,606.304,12.156,-43.574,-42.826,-33.207,-25.411,-32.987,-30.750,-26.959,5.916,12.549,23.098,-6.316,-20.750,-22.818,-24.141,-21.301,-20.943,-20.131,-17.895,-15.101,-15.546,-12.953,-13.050,-9.330,-11.266,-14.332,-10.719,-4.790,9.045,-5.961,-9.027,-8.706,-1.769,-5.871,-3.397,-1.229,-5.363,-4.716,-2.858,-4.002,-2.567,0.562,2.318,7.066,0.782,8.031,2.586,7.940,5.086,10.042,1.220,1.506,11.139,15.572,7.722,17.180,18.018,14.028,13.825,17.773,20.461,24.359,19.699,24.546,26.564,23.029,24.065,25.702,33.473,31.248,26.532,26.545,29.497,33.644,29.008,27.097,32.268,27.995,28.918,31.886,30.585,30.971,33.951,30.627,34.082,35.582,39.706,31.011,29.780,30.047,27.286,34.336,37.546,37.638,36.184,38.584,27.290,33.845,27.809,36.107,31.025,26.168,36.835,27.723,29.580,26.883,26.478,21.558,31.214,19.314,19.082,22.431,26.909,34.333,20.527,18.971,23.670,21.974,18.445,9.498,19.903,17.324,49.040,122.924,299.049,400.053,365.373,191.424,62.037,12.398,11.360,11.495,11.193,10.298,2.179,3.954,4.000,8.559,2.032,1.270,-2.411,3.274,-1.530,-7.646,-1.798,-3.277,3.413,7.714,2.256,7.892,3.046,5.958,-4.498,-10.421,-5.525,-6.140,-12.946,-9.722,-11.822,-12.422,-16.103,-16.524,-19.891,-15.137,-17.534,-13.775,-13.926,-7.850,-16.467,-19.500,-19.495,
260,-66.464,-62.555,-44.759,176.876,1102.280,2070.621,1312.978,257.553,-15.852,-26.770,-25.921,-23.030,-18.031,-17.922,-13.070,-12.717,3.600,26.922,25.399,10.437,-11.706,-10.492,-15.334,-7.001,-10.899,-8.749,-10.003,-9.396,-8.626,-2.924,-5.926,-6.536,-2.760,-6.650,-2.463,1.330,-0.558,4.243,7.253,3.811,4.359,2.069,0.026,2.704,9.174,8.265,5.266,8.782,6.119,5.817,9.675,13.694,8.797,7.054,8.799,11.836,13.315,20.653,14.374,11.946,21.732,20.115,18.446,24.677,20.876,17.705,17.359,24.434,23.824,26.399,21.482,24.341,23.943,25.772,27.880,20.703,18.874,24.319,32.306,36.739,30.805,27.503,33.560,31.792,38.484,38.027,37.213,35.793,35.788,39.620,37.390,36.752,43.015,43.371,36.736,32.494,40.736,35.675,33.543,38.144,38.692,35.403,27.279,32.587,34.910,35.470,32.744,27.746,35.570,34.356,26.065,35.499,30.325,28.686,27.299,30.498,24.822,26.501,20.426,23.569,21.489,25.644,29.492,24.644,16.821,23.612,20.879,23.242,14.738,19.206,14.513,18.541,41.157,127.335,277.953,439.120,400.884,238.088,81.730,22.640,6.744,10.744,4.320,4.068,3.800,3.322,4.148,5.741,3.566,3.620,1.822,1.312,-2.884,1.997,-3.597,1.036,-3.085,2.427,-0.329,4.717,2.112,4.672,-2.999,-6.586,-4.085,-5.117,-4.729,-11.393,-11.199,-7.996,-8.476,-11.806,-9.021,-13.753,-11.715,-7.184,
265,-59.817,-49.981,-39.448,-34.819,-29.016,29.192,558.324,1839.550,1736.742,542.441,23.534,-12.438,-16.896,-14.769,-13.832,-11.504,-11.194,-13.282,-1.815,8.963,29.997,33.470,9.555,-3.170,-5.958,-6.185,-1.775,-0.483,2.516,-0.700,0.952,3.890,-0.566,9.431,5.741,10.315,10.164,4.551,4.683,14.346,8.342,7.271,3.502,9.613,9.008,9.321,13.980,11.623,8.059,8.781,9.633,10.377,8.544,12.893,12.813,16.966,16.695,18.957,12.887,14.403,13.867,15.206,18.073,19.893,18.901,16.149,22.201,21.948,18.460,23.059,22.009,20.370,24.102,23.950,27.333,33.077,25.339,29.403,31.781,26.183,30.172,27.153,26.993,26.556,35.950,31.902,38.494,29.961,36.374,34.295,31.644,31.401,36.812,31.404,33.114,42.302,38.539,36.940,35.492,33.725,34.636,33.513,29.132,34.928,32.767,34.650,31.621,34.319,31.588,25.685,31.312,27.333,27.484,25.391,26.653,28.641,30.259,22.134,24.427,22.259,27.932,23.968,20.106,24.680,13.553,21.001,19.168,16.637,18.612,15.386,18.768,19.462,9.229,13.994,13.405,19.927,14.200,45.534,137.685,355.925,424.888,379.340,185.320,76.778,12.381,8.920,6.934,3.813,6.215,0.127,-2.248,6.829,1.530,5.716,-0.066,0.445,3.292,-1.422,1.670,0.986,-2.507,-1.105,-4.269,3.808,5.596,2.799,3.014,0.511,4.027,-5.262,-4.703,-6.796,-5.866,-2.185,-5.472,-5.403,
270,-47.678,-40.497,-31.165,-25.780,-21.207,-17.735,-19.961,-9.635,185.423,1177.387,2065.922,1118.839,218.055,-2.336,-9.268,-11.846,-11.120,-9.374,-8.938,-3.644,-0.778,2.875,28.671,40.194,38.864,21.037,4.791,8.443,3.808,6.028,4.809,6.417,8.484,9.709,12.775,9.590,14.528,13.124,15.830,11.614,12.939,13.649,20.194,14.671,11.367,11.542,18.061,16.504,16.651,18.655,17.046,16.666,14.890,20.693,17.811,23.408,12.478,17.892,17.554,18.405,21.127,15.304,20.071,20.650,22.530,22.376,20.076,20.292,27.789,21.464,16.972,23.995,22.692,20.420,26.177,23.679,25.542,27.930,27.456,29.554,25.649,24.706,29.415,33.217,27.712,29.819,29.276,32.273,28.395,34.491,29.138,34.490,35.299,28.264,35.298,35.324,30.304,26.615,27.277,35.426,34.004,30.135,29.972,28.881,25.290,32.091,33.454,27.972,30.727,29.003,29.958,28.305,25.892,26.480,23.368,30.723,26.600,25.284,23.206,26.972,21.288,24.871,22.905,20.085,21.972,22.048,16.686,15.059,21.682,18.366,18.574,14.246,17.172,15.988,12.754,12.097,12.776,13.077,10.331,11.484,10.140,11.529,48.737,133.093,334.245,471.695,419.971,237.724,66.637,11.972,1.454,8.895,6.544,2.438,1.208,-0.813,4.331,4.253,3.350,2.580,-1.164,-2.220,2.907,0.848,0.241,0.281,-0.005,2.305,-0.319,1.930,7.472,3.846,3.624,5.962,4.908,-2.713,
275,-27.196,-35.930,-24.001,-22.148,-20.618,-19.354,-17.984,-16.438,-15.367,-12.323,35.155,605.620,1783.195,1671.312,454.852,34.917,-3.494,-3.128,-3.285,-5.640,-1.113,-1.431,5.297,5.034,10.925,31.896,41.445,38.784,28.957,18.726,18.814,8.576,13.354,13.337,15.163,17.755,18.766,18.763,23.341,22.084,21.657,18.952,13.093,17.428,22.477,17.959,22.605,20.663,18.168,16.237,16.541,15.934,19.996,18.001,18.416,21.287,20.741,20.790,19.727,21.122,19.056,21.207,20.624,17.461,20.509,20.329,22.963,25.795,18.740,23.869,20.978,22.838,22.400,25.313,22.237,26.429,25.197,23.276,26.887,22.265,23.939,31.153,25.657,26.147,31.398,26.909,30.749,27.997,27.792,26.945,28.982,26.720,26.922,28.280,32.880,35.168,29.645,31.362,28.453,29.185,32.429,29.701,31.553,29.090,28.322,26.975,32.956,30.997,31.579,26.980,29.118,27.621,23.409,25.187,21.920,23.682,27.841,25.964,24.500,24.692,23.537,22.725,22.771,23.168,17.619,18.881,19.027,19.273,18.345,16.204,15.557,13.157,13.698,10.854,17.305,12.998,9.887,16.040,13.718,15.117,13.092,10.643,9.128,6.761,6.839,6.926,12.587,44.350,155.790,352.342,494.146,393.616,196.719,59.153,11.873,3.574,5.224,1.166,5.834,3.616,2.036,-1.088,1.425,0.411,1.588,2.028,0.233,-0.212,-1.510,-1.222,-2.614,0.351,-0.410,-0.831,-0.025,3.656,
280,-31.565,-23.047,-19.052,-22.378,-14.006,-15.124,-15.583,-14.672,-13.424,-11.029,-9.715,-9.417,0.105,228.286,1349.755,1940.604,907.553,106.925,0.695,-0.159,3.445,-0.171,0.758,3.136,8.033,7.142,12.011,13.271,33.125,44.246,39.603,29.305,20.586,19.078,19.794,20.429,26.178,17.919,18.053,17.978,24.784,21.137,22.951,20.975,21.071,24.250,24.294,21.114,25.741,22.492,19.994,21.445,22.115,20.314,22.236,22.375,23.081,21.726,19.772,21.937,19.585,21.627,19.005,21.761,23.987,19.989,22.984,27.512,23.568,26.587,21.909,27.134,24.805,27.457,26.391,28.973,23.696,27.686,28.014,31.201,30.320,28.212,27.116,29.030,31.302,27.843,26.861,25.343,29.407,28.272,29.974,28.848,31.583,25.115,28.105,32.273,26.512,31.900,26.936,29.442,27.203,34.377,27.821,27.904,25.294,28.103,28.545,24.419,29.797,24.903,30.467,23.211,25.726,26.582,23.629,23.761,23.380,23.774,21.644,19.209,25.959,17.813,20.355,22.021,14.783,19.114,20.500,14.368,16.959,16.006,15.699,19.370,14.088,14.059,12.489,15.331,11.404,10.369,12.958,12.347,14.185,11.011,7.738,10.296,8.573,11.121,8.196,7.766,9.204,5.764,6.422,11.281,58.083,173.430,352.744,474.929,413.807,180.430,56.134,13.259,2.771,1.586,0.858,1.514,1.045,2.863,-0.070,3.349,3.669,0.321,2.647,-1.209,0.880,1.169,0.533,-0.951,
285,-27.911,-23.011,-18.833,-14.303,-13.334,-13.539,-14.147,-12.052,-9.769,-11.444,-7.758,-7.454,-9.428,-7.037,-6.193,29.584,561.747,1744.085,1596.149,422.397,29.688,-0.563,2.481,3.674,5.453,8.228,8.290,10.038,8.697,13.132,17.351,22.966,42.388,51.965,35.758,19.294,21.951,19.768,20.690,22.510,28.981,26.452,25.115,18.556,23.229,25.452,25.505,19.717,23.431,28.639,26.625,23.864,22.907,21.720,22.727,23.404,24.190,24.491,25.544,24.032,26.528,24.835,20.500,25.793,26.496,23.804,25.071,27.128,28.313,28.664,27.075,26.139,25.035,25.558,25.630,27.148,26.569,30.579,30.542,25.415,28.085,28.192,29.136,31.723,26.181,30.257,28.307,29.171,24.788,28.026,27.266,29.882,26.745,32.392,27.523,29.724,32.324,25.663,26.067,28.041,28.708,29.016,31.714,29.486,27.647,24.363,27.762,25.673,26.274,25.142,25.935,24.179,24.521,24.614,24.121,23.813,20.749,22.133,24.705,19.011,17.669,20.644,19.657,17.406,20.246,17.102,18.261,17.159,13.396,14.105,14.365,12.882,17.029,15.471,12.211,15.184,12.919,13.441,14.350,13.618,9.892,9.643,10.022,7.935,11.292,9.671,7.967,7.909,8.664,8.928,6.054,5.839,5.740,4.027,4.171,4.877,12.577,38.673,158.215,332.289,487.732,414.484,211.380,71.432,17.119,3.236,2.351,2.719,1.203,0.431,1.030,1.249,1.913,2.429,-1.349,0.803,
290,-26.242,-22.298,-16.857,-12.570,-11.967,-10.290,-12.184,-11.683,-9.290,-9.849,-6.954,-9.038,-8.536,-8.153,-5.717,-4.429,-6.152,4.764,209.591,1267.746,1896.203,918.847,131.619,6.626,2.150,4.966,5.716,8.848,7.681,7.872,14.110,10.829,12.431,14.976,28.438,44.176,45.674,32.400,26.657,17.345,19.950,23.522,22.243,21.947,21.691,23.562,23.409,21.911,21.847,24.029,23.817,21.451,24.234,23.626,23.800,27.005,20.983,33.413,26.839,28.572,25.564,27.733,24.714,25.195,26.180,29.320,27.619,30.462,28.591,31.073,23.076,26.337,34.092,33.756,30.810,29.122,27.246,27.857,30.418,30.466,30.740,36.625,30.316,28.001,27.151,33.997,31.214,30.519,28.153,33.002,32.069,28.749,29.550,31.800,30.849,30.628,31.908,31.276,31.023,27.527,29.326,28.119,28.338,29.092,29.210,25.754,25.333,27.293,24.903,25.330,24.800,24.856,21.207,21.595,22.449,23.314,19.551,20.284,21.282,21.458,20.410,19.672,21.633,15.694,18.239,19.451,18.962,13.186,17.698,14.721,14.223,16.971,14.065,11.905,12.607,13.312,12.404,12.558,9.799,10.570,10.054,7.019,10.154,9.530,9.027,8.649,7.752,6.940,7.422,7.596,6.631,7.508,4.856,3.916,3.472,2.448,4.254,3.771,4.525,4.425,4.872,10.118,48.893,159.754,376.529,476.562,417.396,204.335,52.632,7.718,2.381,-0.331,-0.013,-0.107,-0.009,0.711,
295,-22.172,-18.291,-15.925,-12.918,-12.435,-11.038,-9.888,-7.873,-8.790,-8.976,-6.590,-7.329,-7.079,-5.446,-5.139,-5.285,-4.457,-5.270,-2.871,-1.199,52.823,617.066,1758.146,1450.006,383.333,23.958,1.836,1.331,5.117,4.099,1.675,4.685,4.498,9.119,6.780,9.648,11.705,22.535,30.409,37.204,28.341,21.128,15.911,18.527,17.978,14.320,21.431,19.276,22.368,21.285,19.757,21.303,21.849,23.624,21.147,24.439,25.233,21.140,22.365,25.782,25.141,25.927,25.836,28.897,23.294,27.145,27.560,30.019,27.557,31.357,27.294,30.240,30.319,30.657,30.984,28.611,34.295,29.466,32.005,31.093,33.267,33.314,30.961,34.201,33.390,31.343,31.824,28.893,32.961,31.337,32.575,28.392,32.618,30.753,29.255,28.927,31.209,29.200,30.152,29.901,28.043,32.463,27.274,29.253,24.642,24.197,28.271,23.955,25.679,27.748,23.576,25.078,25.681,24.841,24.397,21.446,20.022,16.244,19.830,18.884,15.913,20.934,18.164,16.763,16.357,16.747,16.372,15.368,17.459,15.527,13.838,13.428,13.377,11.188,11.891,11.387,10.974,10.126,11.981,7.785,14.180,10.889,10.203,10.177,8.132,7.400,7.643,9.587,4.965,7.941,8.792,5.050,6.340,4.266,5.189,4.451,6.533,1.668,2.822,3.478,1.441,3.624,5.279,2.959,1.014,3.669,10.345,52.331,186.859,355.143,454.224,339.415,170.435,45.804,7.711,2.773,
300,-19.576,-16.414,-12.297,-11.299,-9.090,-9.413,-9.301,-9.729,-8.629,-6.416,-7.440,-7.417,-5.565,-5.856,-4.405,-3.391,-5.157,-4.592,-4.192,-4.077,-3.568,-2.316,3.256,161.044,1019.098,1798.732,903.359,131.580,5.199,1.765,-1.342,-0.315,2.079,2.655,3.238,4.703,3.733,7.398,10.017,8.706,17.770,29.214,29.734,31.079,17.036,12.214,16.030,13.675,14.770,17.544,16.754,19.071,17.956,19.548,18.796,22.125,23.584,22.123,22.665,24.482,25.014,25.083,24.435,26.525,27.023,26.949,29.364,24.631,29.043,26.808,30.710,28.659,34.178,31.215,31.471,33.664,30.665,32.076,33.607,32.357,33.217,33.888,33.750,33.666,35.953,32.128,31.132,30.362,31.723,32.978,31.610,34.764,32.349,31.381,33.436,35.000,30.213,31.258,30.082,32.646,30.004,29.833,31.534,27.325,29.921,25.250,24.213,27.862,26.295,25.138,27.281,26.818,23.442,21.715,21.582,21.650,22.351,22.066,19.006,21.681,17.516,17.957,17.809,18.895,17.123,16.734,17.419,13.714,17.822,15.411,14.533,13.760,13.774,10.585,12.312,13.167,10.914,10.695,10.671,10.654,11.935,7.673,10.414,9.622,9.560,8.330,6.206,6.279,8.259,8.365,7.980,6.175,4.516,5.223,6.489,4.598,5.039,4.626,5.813,1.880,2.616,1.721,2.214,2.037,1.687,3.009,2.577,2.234,-0.214,1.737,1.754,9.101,38.048,129.737,309.266,419.440,
305,-15.725,-13.320,-9.589,-9.937,-9.189,-8.981,-7.312,-6.537,-7.090,-6.957,-5.949,-6.531,-5.494,-3.399,-5.257,-4.433,-3.836,-3.341,-3.835,-3.070,-2.969,-3.570,-2.760,-2.246,-2.057,47.530,471.014,1462.895,1281.301,344.415,19.210,0.657,0.898,1.193,1.067,1.490,3.899,3.175,5.084,5.669,7.192,5.842,10.533,15.139,27.106,29.235,24.801,16.884,12.761,14.352,14.682,16.725,16.224,16.896,18.266,16.376,20.140,19.921,21.754,22.457,24.955,23.383,27.967,24.825,26.632,27.757,28.922,27.684,26.235,26.924,30.179,30.115,29.644,31.919,29.582,31.213,35.479,33.322,33.468,32.224,32.195,34.711,32.917,34.272,33.829,33.831,33.639,33.830,30.648,31.425,35.195,33.700,30.312,33.114,31.406,31.953,30.971,29.224,31.535,29.593,28.027,27.440,28.051,26.440,30.155,27.763,28.543,24.637,25.032,22.653,21.256,25.621,19.322,22.047,21.475,19.994,21.191,22.241,20.865,17.773,18.889,16.759,18.234,15.767,15.924,18.293,14.985,15.690,15.091,13.554,15.037,14.368,13.773,13.225,12.195,13.140,11.632,10.979,9.109,9.974,9.989,9.072,7.522,9.072,8.085,6.949,6.909,6.430,5.888,6.866,5.229,5.225,5.105,7.037,4.082,6.512,6.642,4.270,3.262,2.461,4.667,2.921,3.141,4.185,3.095,2.088,1.607,0.737,3.545,1.434,1.401,-0.119,0.590,0.358,-1.100,1.696,
310,-15.992,-11.597,-10.983,-9.379,-7.987,-7.648,-6.918,-7.771,-5.499,-5.959,-5.290,-5.966,-4.862,-4.461,-4.588,-4.074,-3.705,-3.119,-3.718,-3.937,-3.047,-3.196,-2.457,-2.465,-1.556,-2.349,-2.745,3.056,149.850,867.932,1487.533,710.763,108.457,2.919,0.729,1.055,1.149,1.719,4.216,2.349,3.521,4.181,4.727,4.957,7.069,7.948,13.814,20.615,25.420,25.440,17.186,14.183,13.393,14.372,14.193,16.301,18.883,18.791,19.462,21.269,20.209,21.356,23.999,28.188,23.758,27.971,26.725,29.925,25.484,27.152,26.918,30.060,30.306,31.201,32.745,31.612,32.722,32.905,31.547,33.949,33.687,35.824,34.768,33.299,35.465,37.330,34.410,35.187,31.739,32.069,34.675,29.036,31.758,28.371,32.786,32.036,28.592,32.248,28.434,30.524,28.669,28.578,28.318,27.243,28.908,27.172,26.169,26.500,27.130,28.487,25.460,22.845,22.166,22.105,23.683,22.335,22.707,19.352,19.149,17.896,18.972,19.340,17.039,16.436,19.751,13.618,17.688,17.134,14.800,13.156,12.859,13.512,11.783,13.097,11.991,9.759,10.570,10.484,11.869,9.361,9.110,10.985,8.630,8.356,5.811,5.384,6.688,6.708,7.822,7.111,5.224,4.785,4.553,6.546,4.889,5.043,3.376,4.285,3.300,2.371,2.699,3.245,2.451,1.813,2.144,1.388,2.091,1.556,3.036,2.552,0.051,1.598,1.903,-1.238,0.510,0.100,
315,-8.893,-9.939,-9.619,-7.801,-6.940,-6.182,-5.679,-5.304,-5.890,-5.167,-5.083,-4.635,-4.296,-3.114,-3.538,-3.439,-3.598,-3.356,-3.414,-2.948,-2.285,-2.718,-2.155,-2.857,-2.521,-2.379,-1.847,-1.986,-1.713,-0.879,18.645,319.133,1136.521,1195.093,329.677,29.763,1.906,0.431,1.489,2.671,2.528,2.663,2.232,4.176,4.616,4.320,5.112,5.926,8.073,12.237,18.925,22.891,20.703,17.771,15.541,15.128,15.033,14.494,18.211,17.484,21.951,19.974,20.973,22.004,23.886,23.302,22.972,24.173,25.118,25.454,27.382,29.042,30.232,28.828,29.227,32.287,31.730,28.657,33.079,32.588,32.083,33.835,30.678,32.673,33.675,30.340,33.055,29.475,33.764,31.213,31.819,31.198,29.654,31.443,31.705,32.365,31.961,28.976,29.454,29.537,27.545,28.723,28.882,28.208,26.475,27.096,25.042,24.710,24.000,23.000,22.372,21.123,22.516,21.667,22.722,19.741,22.119,19.302,18.555,19.134,18.285,19.564,18.572,15.731,17.558,14.785,14.649,15.671,16.052,13.658,14.457,13.371,11.254,13.306,13.561,12.541,10.700,8.345,11.345,9.533,7.420,8.612,9.735,7.757,8.038,7.434,6.789,7.586,6.619,6.298,6.643,5.620,4.951,4.054,5.181,4.920,3.716,4.810,4.672,3.811,4.596,4.252,3.822,4.790,2.956,2.703,1.339,3.535,3.849,1.799,1.484,0.839,0.646,1.276,-0.165,0.284,
320,-11.810,-9.681,-6.132,-7.133,-5.828,-4.399,-4.984,-6.187,-4.791,-4.100,-3.926,-3.430,-3.459,-4.075,-3.351,-3.140,-2.703,-2.781,-3.137,-3.256,-2.029,-2.211,-2.387,-2.376,-2.478,-2.710,-1.738,-2.198,-1.985,-1.417,-1.362,-1.632,2.132,103.733,739.036,1253.615,650.257,81.797,3.095,2.149,2.612,1.063,2.008,1.768,2.582,2.711,3.653,5.136,4.400,7.023,7.350,9.014,13.850,20.196,21.201,22.164,19.513,15.579,18.962,17.195,17.706,21.346,19.506,19.916,21.900,22.229,22.926,25.126,24.740,27.055,24.834,24.817,24.849,29.801,27.037,30.033,28.145,29.091,29.022,33.462,29.825,31.489,30.152,31.882,30.453,30.329,31.647,31.098,30.847,33.342,30.187,31.636,32.464,30.933,29.097,31.535,27.553,28.188,28.832,29.142,28.640,27.924,27.148,27.248,25.050,26.648,26.016,27.857,25.019,22.762,24.562,22.434,22.917,21.929,21.323,22.024,21.630,21.270,18.788,19.245,19.403,18.025,16.520,16.494,15.860,16.966,16.612,13.840,13.485,14.016,12.309,12.907,12.608,12.085,11.830,11.164,10.825,9.440,9.226,8.254,8.753,8.722,8.827,8.273,6.380,7.610,8.904,7.119,6.794,6.330,5.831,6.571,5.922,5.066,4.288,4.434,4.779,3.340,4.693,2.916,4.663,3.911,2.337,2.729,2.633,2.208,2.033,2.374,1.219,2.248,1.557,2.153,0.915,1.129,0.726,-0.097,
325,-11.258,-8.314,-7.061,-6.129,-5.152,-4.655,-4.425,-4.677,-4.499,-4.256,-3.505,-3.945,-2.816,-3.068,-2.733,-2.840,-2.946,-2.713,-2.669,-2.124,-2.703,-2.167,-2.340,-2.564,-2.155,-1.804,-1.867,-1.672,-1.716,-2.075,-1.061,-1.189,-1.170,-1.252,-0.455,13.402,252.755,980.002,1004.115,286.312,19.036,0.545,1.489,1.359,1.061,1.827,2.890,2.737,4.213,3.525,5.920,6.323,6.214,7.304,7.791,12.600,14.038,21.978,23.502,17.555,18.013,16.221,15.863,17.605,17.276,18.841,21.506,20.696,20.222,20.629,21.775,22.058,25.291,23.279,25.184,23.392,26.107,29.519,27.233,28.340,29.459,28.048,27.195,27.377,28.568,28.697,31.485,30.518,29.799,31.964,30.851,31.343,28.253,29.090,29.369,27.684,28.324,29.600,28.283,28.683,27.561,28.555,26.805,26.633,26.054,26.587,25.688,23.612,24.689,24.414,23.868,22.404,25.252,21.949,21.610,19.922,20.495,19.269,18.417,17.468,19.210,15.927,17.388,16.866,15.161,16.457,17.413,14.391,12.965,13.479,12.010,11.824,13.388,12.327,9.961,13.498,10.830,9.947,9.831,8.702,10.454,7.955,9.204,7.296,9.511,8.235,8.165,6.977,6.603,7.080,4.602,6.968,6.028,5.791,6.808,5.797,3.200,3.973,3.557,2.614,4.225,3.225,2.644,3.181,3.699,2.538,2.389,2.168,2.127,1.940,1.954,1.137,1.718,1.432,0.403,0.950,
330,-9.539,-7.944,-7.322,-4.801,-4.535,-5.168,-4.007,-4.664,-3.430,-4.165,-3.411,-3.029,-2.797,-2.867,-1.932,-3.028,-2.662,-2.643,-2.676,-2.308,-2.295,-1.819,-1.765,-2.007,-1.773,-1.468,-1.962,-1.688,-1.694,-1.273,-1.265,-1.340,-1.277,-1.567,-0.745,-0.771,-0.923,1.345,61.862,536.602,1071.958,592.313,78.446,1.879,0.542,1.080,0.422,1.178,1.432,2.059,2.824,3.689,4.066,5.521,6.075,8.306,7.488,10.136,12.415,16.617,20.869,20.449,20.106,18.064,16.717,17.710,17.755,19.103,20.413,19.696,20.540,22.648,23.692,22.713,24.027,24.949,25.660,24.018,23.484,25.451,26.237,30.095,28.674,28.422,27.818,28.431,29.623,28.163,28.586,27.609,30.227,28.119,28.188,28.042,30.300,28.207,26.320,29.215,28.267,26.725,26.955,28.617,27.882,24.643,24.749,25.972,25.496,24.367,22.217,23.804,23.414,22.284,23.331,19.960,22.625,20.445,18.303,19.813,18.398,17.481,18.684,19.138,17.445,16.491,15.010,16.252,15.446,15.055,13.632,12.913,13.595,11.500,12.921,13.468,11.252,11.078,10.886,10.644,10.005,8.838,10.041,8.592,9.128,9.349,6.833,8.483,6.026,5.436,5.211,5.431,6.533,5.635,4.975,5.432,5.369,4.690,2.827,3.531,4.303,4.275,3.435,2.876,3.920,2.800,2.401,3.199,3.739,3.046,1.050,1.345,1.734,1.521,0.451,0.209,1.029,0.613,
335,-7.678,-6.983,-6.178,-5.337,-4.096,-3.998,-3.157,-4.160,-2.917,-3.745,-3.346,-2.323,-3.189,-2.640,-2.617,-2.368,-2.154,-2.226,-2.362,-2.033,-1.967,-1.850,-2.031,-2.164,-1.901,-1.999,-2.022,-1.949,-1.633,-1.738,-1.330,-1.663,-1.011,-1.164,-1.239,-1.181,-0.822,-1.175,-0.723,-0.485,20.473,260.712,909.872,833.265,211.825,10.454,1.276,0.986,1.227,1.360,2.265,2.514,3.323,3.544,3.842,6.321,6.312,7.146,8.231,8.349,11.836,13.073,16.176,20.284,22.089,20.379,19.237,17.612,17.140,18.612,17.514,18.720,19.008,20.638,20.051,21.781,23.485,23.057,23.676,24.516,26.385,26.617,27.222,27.854,27.798,26.083,27.995,29.582,26.996,26.403,27.683,26.274,29.051,26.544,25.834,27.467,26.588,27.689,24.812,26.148,26.119,24.707,25.071,26.945,23.660,27.019,24.818,25.055,25.239,22.300,22.504,21.721,22.356,21.106,20.737,20.042,18.182,19.345,16.937,17.329,16.946,16.992,17.270,16.023,16.123,15.837,14.275,13.673,12.139,14.185,12.259,12.662,12.328,10.925,11.299,10.457,10.484,10.173,9.224,10.772,8.599,7.408,7.420,7.566,6.627,7.394,7.025,7.402,6.581,5.751,4.144,5.069,4.660,5.383,5.908,4.916,4.819,5.403,3.597,3.315,4.250,4.097,2.804,1.851,1.668,2.446,2.680,2.816,1.505,1.536,1.574,1.445,1.578,1.320,0.390,0.625,
340,-8.822,-6.743,-5.665,-4.520,-4.452,-4.292,-3.569,-4.002,-3.241,-2.726,-3.183,-2.652,-2.651,-2.022,-2.092,-2.090,-2.087,-1.904,-2.064,-1.917,-1.848,-1.867,-1.567,-1.553,-1.901,-1.639,-1.597,-1.880,-1.576,-1.420,-1.494,-1.603,-1.148,-1.164,-1.156,-0.999,-0.834,-0.862,-0.985,-1.053,-0.723,-0.294,1.666,74.812,507.323,940.213,485.224,62.893,2.479,1.563,1.126,1.919,1.891,2.376,3.354,3.718,3.791,5.648,6.386,7.186,7.954,8.523,8.566,9.566,13.841,14.575,19.540,20.570,20.991,19.359,18.508,17.927,17.277,17.672,22.307,20.611,20.510,20.436,22.112,24.352,23.743,23.904,23.459,23.597,24.742,23.449,24.789,25.392,27.013,25.758,25.890,25.602,24.690,25.850,26.015,24.119,24.694,26.008,26.033,26.569,27.630,25.513,24.157,24.787,23.857,22.298,23.328,23.160,23.108,23.314,21.321,21.033,20.357,19.765,17.768,19.097,19.634,17.995,18.404,16.936,17.039,16.079,16.247,17.765,15.790,14.617,14.966,13.439,13.799,12.325,12.309,11.751,11.785,12.033,11.832,10.832,10.715,9.928,7.584,8.994,9.303,7.669,8.047,7.949,8.341,7.106,6.190,8.550,6.487,6.028,5.951,5.815,5.254,5.110,4.915,4.208,4.858,3.509,4.535,3.613,3.325,3.146,2.790,3.147,3.338,2.135,2.342,2.429,2.028,2.459,1.398,2.855,1.818,1.582,0.668,0.904,
345,-6.920,-6.356,-4.562,-5.094,-3.291,-3.549,-3.722,-2.308,-2.846,-2.904,-2.665,-2.610,-2.280,-2.149,-2.217,-1.992,-1.931,-1.853,-1.969,-1.667,-1.918,-1.924,-1.745,-1.614,-1.785,-1.793,-1.256,-1.223,-1.180,-1.478,-1.517,-1.572,-0.881,-0.891,-0.957,-1.144,-0.858,-0.835,-0.470,-0.857,-0.650,-0.743,-0.723,-0.845,-0.327,18.999,234.521,780.594,700.011,166.777,9.146,0.940,1.167,1.428,1.986,2.276,2.768,4.241,4.473,5.473,6.525,6.064,7.216,7.456,8.947,10.464,10.804,12.169,14.269,18.847,19.416,20.708,18.383,17.237,16.883,18.107,16.868,19.220,19.893,21.792,20.833,21.655,22.103,23.613,21.636,23.639,22.984,22.141,25.069,22.706,24.612,23.443,22.790,25.225,25.191,24.118,24.761,24.397,24.303,23.681,22.120,22.600,26.145,23.941,23.715,23.133,22.781,22.051,21.514,21.333,21.008,20.553,19.458,19.204,18.434,18.398,18.237,18.839,16.776,17.293,16.026,14.922,15.873,15.001,15.104,15.586,14.695,13.470,13.836,12.732,12.218,12.466,12.899,12.762,11.248,10.389,10.667,10.171,8.046,9.908,8.201,8.976,7.340,6.267,7.207,7.432,6.585,6.266,6.914,7.041,6.589,5.383,5.469,3.960,4.883,4.310,3.747,3.554,3.688,4.298,3.648,3.020,3.143,2.464,2.944,3.071,2.945,1.718,2.214,1.777,1.976,1.935,1.536,1.878,0.973,0.651,
350,-6.881,-6.088,-4.881,-3.752,-3.348,-3.774,-3.184,-3.078,-2.822,-2.272,-2.389,-2.371,-2.459,-2.264,-2.067,-1.780,-1.653,-1.951,-1.536,-1.665,-1.302,-1.498,-1.352,-1.641,-1.292,-1.433,-1.434,-1.333,-1.369,-1.442,-1.091,-1.140,-1.437,-1.002,-0.925,-0.893,-1.002,-0.939,-1.076,-0.893,-0.809,-0.838,-0.530,-1.008,-0.859,-0.481,-0.403,2.662,104.577,565.742,830.443,315.522,29.095,1.433,1.930,2.013,2.017,2.425,2.914,3.082,3.732,4.836,5.348,6.208,6.204,7.423,7.959,9.577,9.690,9.840,12.284,14.199,16.234,18.178,17.635,16.974,16.766,16.818,17.874,17.753,18.027,17.536,20.338,20.144,20.535,20.192,21.330,20.054,21.653,22.737,21.294,22.082,22.676,21.471,24.154,22.081,23.294,23.200,23.090,23.260,21.713,23.258,23.276,21.139,22.578,22.293,19.747,21.976,21.675,21.876,17.929,18.910,18.636,18.693,19.487,18.195,17.267,17.098,18.144,17.721,14.515,15.099,15.053,15.870,14.488,14.312,13.063,11.998,12.703,11.743,11.599,11.867,11.082,10.719,10.150,10.759,9.016,8.497,9.260,8.772,8.745,9.015,7.946,7.337,7.627,6.617,6.480,6.514,6.799,5.838,5.547,4.304,5.115,3.390,4.703,4.583,5.001,4.179,4.076,4.224,2.812,3.358,1.960,2.402,2.736,2.254,2.375,2.230,2.920,2.173,1.868,1.497,1.237,1.247,1.487,0.803,
355,-5.583,-5.600,-4.245,-4.168,-3.331,-2.776,-3.346,-2.816,-2.209,-2.585,-2.300,-1.999,-2.207,-1.964,-1.704,-1.636,-1.654,-1.596,-1.425,-1.534,-1.523,-1.667,-1.484,-1.187,-1.168,-1.531,-1.217,-1.303,-1.526,-1.223,-1.316,-0.933,-1.115,-1.110,-0.977,-1.166,-0.887,-1.215,-0.821,-1.068,-0.766,-1.092,-0.803,-0.643,-0.568,-0.596,-0.730,-0.462,-0.646,-0.221,15.667,256.067,734.588,627.277,135.032,7.517,1.216,1.640,1.921,2.038,2.713,3.029,3.271,3.983,4.027,5.271,5.928,7.136,7.133,8.621,9.174,9.487,9.733,9.497,12.025,14.956,15.565,18.797,18.819,16.799,16.138,17.303,17.831,18.239,19.078,16.960,18.727,19.234,18.806,19.602,19.992,19.735,20.070,20.632,20.376,19.630,20.914,19.753,21.609,21.050,20.783,21.042,21.184,20.092,20.066,20.832,20.090,19.738,19.710,18.684,18.631,19.947,17.855,17.197,17.903,17.616,19.158,15.790,15.767,14.718,14.709,16.602,15.831,14.458,13.052,14.025,13.157,13.734,13.484,12.547,10.649,11.162,11.721,11.001,10.654,9.877,9.417,8.377,8.675,9.666,8.253,8.003,7.838,7.463,6.706,7.431,6.934,6.158,5.732,4.953,5.725,5.389,5.218,5.436,4.796,4.240,3.861,3.962,4.197,3.820,3.387,3.092,3.067,2.484,2.679,3.348,2.004,2.462,1.817,1.411,1.732,1.372,1.695,1.002,0.953,0.306,
360,-5.147,-4.716,-4.376,-2.510,-1.847,-2.483,-0.150,-2.383,-2.420,-2.346,-2.424,-2.319,-1.985,-1.460,-1.526,-1.669,-1.325,-1.374,-1.456,-1.353,-1.521,-1.073,-1.336,-1.457,-1.360,-1.395,-1.396,-1.197,-1.220,-1.274,-1.150,-0.948,-1.098,-1.190,-1.057,-1.210,-1.115,-1.074,-1.051,-0.846,-0.949,-0.904,-0.695,-0.719,-0.723,-0.754,-0.670,-0.732,-0.426,-0.457,-0.236,-0.181,3.430,81.322,483.631,736.735,371.489,38.557,1.917,1.502,1.642,1.420,2.209,2.671,2.773,3.157,5.036,5.081,5.611,5.322,6.649,6.439,7.510,8.466,8.862,10.104,10.270,12.529,14.374,16.481,18.464,17.604,18.188,16.790,15.786,16.446,16.284,17.052,17.759,16.856,16.850,17.270,17.961,18.920,18.532,18.412,18.795,20.028,20.503,19.571,19.368,18.021,20.694,18.441,19.240,18.341,18.206,18.984,18.808,18.291,17.141,17.968,17.217,17.028,17.247,16.554,16.794,14.988,15.073,14.455,14.748,13.302,14.122,14.001,13.790,12.686,12.106,12.747,11.443,11.991,12.086,10.699,10.070,10.366,10.107,9.221,8.443,8.923,8.367,7.443,7.724,8.740,7.762,7.997,7.100,7.117,6.586,6.297,5.599,4.762,4.954,4.444,5.659,4.753,4.090,4.782,4.176,4.280,3.865,3.651,3.772,2.751,2.849,2.854,1.728,3.665,1.745,2.532,1.481,2.597,3.097,1.795,1.593,1.042,1.549,1.308,
365,-5.124,-4.244,-3.550,-2.966,-2.890,-2.530,-2.356,-2.485,-2.216,-2.013,-2.006,-1.924,-1.905,-1.660,-1.747,-1.004,-1.431,-1.215,-1.595,-0.976,-1.129,-1.304,-1.069,-1.346,-1.182,-1.358,-1.385,-1.240,-1.099,-1.098,-1.233,-1.250,-0.710,-0.937,-0.902,-1.058,-0.957,-0.937,-0.755,-0.814,-0.938,-0.828,-0.579,-0.837,-0.561,-0.800,-0.784,-0.865,-0.629,-0.574,-0.308,-0.326,-0.503,-0.404,0.187,20.127,193.720,647.301,567.938,128.169,5.861,1.498,1.175,1.529,1.930,2.226,2.468,2.952,4.014,4.235,5.053,5.013,6.840,6.544,6.110,8.010,7.524,8.527,8.678,9.538,11.353,13.000,16.102,16.356,17.102,18.331,14.739,15.137,13.845,15.599,16.044,15.551,16.251,15.615,16.699,17.153,17.178,16.815,17.795,17.028,17.359,17.843,17.704,17.823,18.414,17.625,16.946,16.739,17.283,17.450,17.684,16.298,14.789,16.396,14.610,16.325,14.002,15.275,13.885,14.057,13.696,13.404,14.642,13.640,12.775,13.346,11.569,12.170,10.954,11.276,11.442,10.870,10.678,9.987,10.049,9.144,9.136,9.293,7.935,7.470,7.282,8.219,7.584,6.845,7.054,6.548,5.978,6.381,5.944,4.956,5.589,4.834,5.423,4.696,4.747,3.560,3.231,3.847,3.879,3.882,3.001,2.464,3.024,3.031,2.916,2.404,2.180,2.501,2.517,2.716,2.032,1.350,1.150,2.133,0.876,1.913,
370,-5.383,-4.248,-3.299,-2.563,-2.960,-2.752,-2.274,-2.146,-2.093,-2.123,-1.469,-1.629,-1.802,-1.664,-1.666,-1.345,-1.302,-1.283,-1.027,-1.289,-1.429,-1.207,-0.949,-0.799,-1.188,-1.258,-1.224,-1.097,-1.070,-1.178,-1.124,-0.980,-0.903,-0.942,-0.912,-0.974,-0.956,-0.994,-1.071,-0.940,-0.745,-0.733,-0.813,-0.847,-0.754,-0.650,-0.682,-0.806,-0.752,-0.616,-0.537,-0.507,-0.468,-0.527,-0.360,-0.387,-0.143,2.187,57.989,387.097,687.834,379.072,53.569,2.369,1.042,1.236,1.803,1.537,1.916,2.482,3.580,3.222,3.844,4.701,4.774,4.548,6.118,6.329,7.320,8.854,8.339,8.615,9.245,10.882,11.555,13.722,15.312,14.447,15.296,14.495,13.284,13.219,13.551,13.761,13.491,14.491,14.268,16.730,15.685,15.352,15.467,16.436,16.480,15.909,15.744,15.442,16.003,15.547,15.393,17.399,14.869,14.335,14.162,14.026,15.352,13.861,13.913,14.556,14.520,13.456,13.612,13.321,12.268,12.975,11.984,13.278,10.903,10.945,11.435,10.961,10.349,10.347,9.851,9.052,9.093,8.454,8.527,7.951,8.200,7.609,8.127,8.120,6.812,6.810,6.105,5.651,6.521,6.126,7.161,6.512,5.210,5.297,4.120,4.751,5.745,3.697,3.837,3.256,3.725,2.681,2.853,3.276,2.979,3.203,2.899,2.297,2.846,1.527,2.275,1.422,1.437,2.020,1.567,1.873,1.516,1.119,
375,-4.065,-4.234,-3.716,-3.246,-2.197,-3.134,-2.071,-1.630,-1.914,-1.721,-1.917,-1.784,-1.492,-1.464,-1.416,-1.321,-1.553,-1.533,-1.097,-1.196,-1.288,-1.287,-1.384,-1.167,-1.039,-1.107,-1.150,-1.112,-1.199,-0.947,-1.212,-0.878,-1.001,-1.103,-0.971,-0.801,-0.927,-0.812,-0.945,-0.594,-0.867,-0.762,-0.859,-0.866,-0.782,-0.597,-0.784,-0.683,-0.721,-0.555,-0.843,-0.602,-0.696,-0.555,-0.157,-0.463,-0.656,-0.445,-0.057,-0.211,20.319,196.149,583.455,513.656,128.566,7.710,1.238,1.438,1.579,1.652,2.093,1.934,2.489,3.209,3.324,3.716,4.416,5.143,5.392,5.793,6.519,7.342,7.603,8.573,8.189,9.665,9.608,10.453,12.585,13.234,14.457,13.760,12.215,13.050,12.371,12.215,13.494,13.860,12.374,13.396,13.385,14.077,14.726,15.130,14.257,14.822,15.726,14.824,13.902,14.496,14.777,14.852,13.536,13.977,13.487,12.498,12.884,13.162,12.536,13.125,12.307,12.116,11.721,10.476,11.059,9.824,11.003,9.829,10.757,9.373,9.735,10.071,9.089,9.456,9.585,7.884,9.340,7.020,7.977,7.993,8.168,6.426,6.131,6.444,6.522,5.465,5.679,5.533,5.527,4.272,4.720,4.999,4.417,3.898,5.279,4.031,3.662,3.438,3.142,3.349,3.134,2.676,2.866,2.644,2.048,2.620,1.415,2.355,1.492,1.411,1.434,1.386,1.901,0.925,1.364,1.540,
380,-5.476,-3.736,-3.304,-2.899,-2.339,-2.738,-2.521,-2.306,-2.104,-1.868,-1.604,-1.708,-1.612,-1.562,-1.720,-1.430,-1.468,-1.162,-1.259,-0.949,-1.185,-1.224,-1.209,-1.174,-1.038,-0.891,-0.945,-0.857,-1.022,-1.027,-0.947,-0.768,-0.848,-0.874,-0.932,-0.925,-0.824,-0.783,-0.983,-0.882,-0.724,-0.790,-0.766,-0.765,-0.804,-0.808,-0.599,-0.762,-0.602,-0.735,-0.713,-0.675,-0.439,-0.588,-0.539,-0.494,-0.642,-0.567,-0.444,-0.431,-0.039,-0.007,1.797,71.233,379.072,628.488,294.821,36.461,1.311,1.341,0.979,1.761,1.464,1.946,1.827,2.294,3.454,3.101,4.546,3.837,4.503,5.331,5.517,5.936,6.312,7.565,6.321,8.539,7.891,8.444,9.898,11.663,12.540,13.480,13.186,11.518,12.088,11.142,11.576,11.770,12.167,12.999,12.456,12.904,12.776,11.842,12.400,12.211,11.660,13.247,11.874,12.198,12.792,11.753,13.534,11.046,11.868,12.205,12.360,10.970,11.392,11.214,9.676,10.597,10.714,10.901,10.574,10.178,10.117,8.330,9.318,9.437,8.524,9.194,8.313,7.337,7.198,7.589,6.487,7.441,6.246,7.032,6.314,6.150,5.721,4.853,6.294,5.405,4.671,5.466,5.010,4.755,4.617,4.010,4.735,4.381,2.820,3.228,3.786,2.858,3.999,3.071,3.254,2.775,2.431,1.851,2.384,2.529,1.690,1.434,1.435,1.671,1.363,1.740,0.857,0.634,
385,-5.145,-4.159,-3.640,-2.950,-2.637,-2.292,-2.396,-1.894,-2.348,-1.975,-1.719,-1.587,-1.778,-1.580,-0.989,-1.237,-1.530,-1.185,-1.407,-1.359,-1.225,-1.154,-1.245,-1.264,-1.220,-1.074,-1.177,-0.946,-0.957,-0.924,-0.956,-1.092,-0.933,-0.905,-0.904,-0.675,-0.884,-0.930,-0.816,-0.767,-0.867,-0.753,-0.641,-0.826,-0.709,-0.809,-0.704,-0.727,-0.853,-0.798,-0.587,-0.553,-0.714,-0.609,-0.681,-0.559,-0.556,-0.426,-0.503,-0.358,-0.226,-0.277,-0.329,-0.209,-0.205,11.259,159.438,522.355,522.245,145.462,11.066,0.999,0.670,1.258,1.147,1.591,2.279,2.227,3.213,2.569,3.153,3.863,4.149,4.275,5.450,5.183,4.722,5.567,6.181,6.643,7.609,7.238,7.991,8.851,9.522,10.517,11.275,12.240,11.230,11.133,10.600,10.246,11.504,10.609,11.823,11.342,10.009,9.861,10.852,11.034,11.054,11.315,10.786,11.131,11.003,9.866,11.426,9.274,10.794,11.090,10.246,9.380,10.808,10.138,9.548,9.151,9.133,8.547,8.939,8.430,8.409,7.101,6.620,7.648,7.495,6.545,6.387,7.418,6.809,5.909,5.742,6.868,6.062,5.067,5.883,5.701,4.945,5.226,4.122,4.161,3.830,4.630,4.225,4.112,3.304,3.753,3.180,3.235,2.816,3.657,2.459,2.361,2.767,2.640,2.506,1.894,1.958,1.927,1.818,1.910,1.254,1.762,0.649,1.042,1.658,0.779,
390,-4.574,-3.879,-3.461,-2.901,-2.525,-2.840,-2.152,-1.609,-1.479,-1.687,-1.915,-1.805,-1.139,-1.632,-1.152,-1.399,-1.356,-1.261,-1.082,-1.192,-1.039,-1.161,-0.738,-1.072,-0.842,-1.048,-0.937,-0.749,-0.937,-1.153,-0.863,-0.810,-0.986,-0.842,-1.039,-0.988,-0.866,-0.823,-0.652,-0.743,-0.777,-0.758,-0.718,-0.754,-0.753,-0.844,-0.696,-0.730,-0.617,-0.633,-0.608,-0.686,-0.627,-0.703,-0.464,-0.336,-0.592,-0.503,-0.568,-0.514,-0.361,-0.523,-0.456,-0.219,-0.465,-0.226,-0.287,2.359,62.772,355.886,597.805,303.030,32.221,1.331,0.792,0.821,0.843,1.532,1.555,1.599,2.819,2.737,2.503,3.582,2.937,3.615,3.790,3.943,4.904,4.967,4.992,5.865,5.799,6.181,5.838,7.093,8.076,8.527,9.278,8.672,10.218,10.424,9.852,9.553,9.036,9.734,10.351,8.409,9.408,8.792,8.967,8.320,9.642,9.195,8.975,9.508,9.765,9.405,7.793,8.414,8.971,8.074,9.069,7.872,8.360,8.695,8.804,7.961,7.691,7.628,7.397,7.053,7.777,6.936,7.211,6.589,5.856,6.483,6.031,6.205,4.774,5.925,5.220,5.119,5.224,5.059,4.628,4.697,4.619,3.448,4.205,3.500,3.734,3.557,2.912,3.008,3.041,3.376,2.647,2.364,2.509,2.129,2.747,2.007,2.042,1.755,2.104,1.714,1.874,1.507,1.621,1.703,1.070,0.923,1.076,0.614,
395,-3.976,-3.032,-2.825,-2.671,-2.241,-2.700,-2.276,-2.178,-1.999,-1.707,-1.536,-1.722,-1.421,-1.152,-1.323,-1.324,-1.024,-1.242,-0.948,-1.159,-0.926,-1.048,-0.846,-0.850,-0.930,-1.010,-0.851,-0.995,-0.763,-0.918,-0.856,-0.628,-0.812,-0.776,-0.704,-0.674,-0.664,-0.668,-0.657,-0.634,-0.669,-0.672,-0.765,-0.734,-0.718,-0.531,-0.538,-0.562,-0.504,-0.594,-0.529,-0.603,-0.470,-0.598,-0.633,-0.418,-0.634,-0.502,-0.433,-0.343,-0.524,-0.508,-0.248,-0.348,-0.342,-0.222,-0.226,-0.333,-0.411,0.163,13.156,157.926,520.752,487.137,121.812,5.752,0.676,0.786,1.028,0.971,1.107,0.936,1.607,1.812,2.442,1.979,2.510,2.709,2.749,3.414,3.747,3.475,4.116,4.919,5.213,5.311,5.233,5.343,5.742,6.216,7.172,7.985,8.419,7.952,8.168,8.855,7.934,7.583,7.882,7.521,7.675,7.475,7.642,7.932,7.734,7.451,7.662,7.296,7.979,6.723,7.698,7.320,6.743,7.133,7.166,7.283,7.191,6.480,6.651,6.589,5.710,6.132,6.154,5.407,5.598,6.621,5.397,5.442,5.619,5.343,4.560,4.644,3.644,3.883,4.585,4.251,4.741,3.448,4.143,3.639,3.406,3.592,3.158,2.818,2.837,2.237,2.320,2.478,2.462,2.532,1.841,2.387,2.454,1.872,1.771,1.449,1.247,1.056,1.616,1.294,0.959,0.730,0.718,0.732,0.610,0.340,
400,-4.267,-2.865,-2.919,-2.396,-2.170,-1.847,-2.155,-1.943,-1.917,-1.644,-1.030,-1.786,-1.356,-1.177,-1.215,-1.267,-1.261,-1.373,-1.138,-1.245,-1.011,-0.961,-1.111,-0.805,-0.962,-0.729,-0.964,-1.042,-0.763,-0.810,-0.820,-0.854,-0.762,-0.702,-0.730,-0.790,-0.710,-0.688,-0.754,-0.803,-0.736,-0.613,-0.627,-0.588,-0.596,-0.775,-0.668,-0.498,-0.656,-0.664,-0.576,-0.524,-0.528,-0.495,-0.508,-0.402,-0.326,-0.628,-0.520,-0.366,-0.502,-0.528,-0.394,-0.413,-0.499,-0.393,-0.384,-0.392,-0.324,-0.323,-0.408,-0.352,1.821,44.679,302.761,539.122,282.869,36.494,1.226,0.459,0.998,0.563,1.097,1.185,0.948,1.255,1.323,1.537,2.025,2.377,2.149,2.784,2.860,3.576,3.161,3.837,4.310,4.245,4.338,4.964,5.052,5.158,4.977,6.063,6.806,6.539,7.875,8.183,7.388,6.577,6.871,6.179,6.755,6.150,6.138,7.071,6.310,6.478,6.621,6.571,6.198,6.589,5.671,6.861,5.586,6.285,6.350,7.238,5.290,5.599,5.187,4.674,5.389,5.508,5.425,5.503,5.052,4.900,4.681,4.912,5.084,4.589,3.318,3.418,3.784,3.446,3.643,3.466,4.133,3.066,3.155,2.679,2.712,3.350,3.057,2.668,2.261,2.118,2.578,2.616,1.912,1.896,1.824,1.439,1.759,1.422,1.248,1.437,1.321,1.555,0.710,0.946,0.979,0.800,0.688,0.646,
405,-4.103,-3.484,-2.185,-2.150,-2.430,-2.186,-1.982,-1.950,-1.816,-1.423,-1.582,-1.625,-1.215,-1.485,-1.303,-1.049,-1.026,-1.214,-1.086,-0.892,-0.950,-1.165,-0.817,-0.958,-0.935,-0.982,-0.751,-0.902,-0.933,-0.802,-0.615,-0.565,-0.757,-0.536,-0.767,-0.695,-0.630,-0.711,-0.611,-0.559,-0.699,-0.654,-0.623,-0.608,-0.668,-0.642,-0.714,-0.616,-0.771,-0.586,-0.516,-0.464,-0.526,-0.616,-0.579,-0.518,-0.436,-0.439,-0.469,-0.595,-0.479,-0.548,-0.268,-0.262,-0.545,-0.247,-0.439,-0.297,-0.370,-0.350,-0.333,0.004,-0.319,-0.173,-0.041,20.157,164.874,482.836,387.809,84.991,3.971,0.603,0.756,0.871,0.888,0.679,1.030,1.646,1.265,1.492,2.280,1.820,2.537,2.782,2.643,2.822,3.789,3.516,4.082,3.048,4.353,4.788,4.301,5.178,5.534,5.700,5.227,6.003,7.794,7.659,7.547,8.142,7.914,6.235,6.807,6.928,6.645,6.561,5.609,6.006,6.076,6.201,5.143,6.187,5.896,5.393,5.853,5.925,5.543,4.985,5.642,5.616,5.091,5.101,4.646,4.472,4.478,5.149,4.831,4.517,5.132,4.392,4.009,3.756,4.003,3.563,3.518,3.626,2.974,3.292,3.079,2.296,2.931,2.774,2.739,1.492,2.673,2.195,2.104,2.077,2.098,2.229,2.165,1.305,1.702,1.222,2.026,1.170,1.457,0.865,1.491,1.691,0.944,0.726,1.024,0.803,
410,-3.905,-3.205,-2.874,-2.082,-2.715,-1.043,-1.668,-2.211,-1.474,-1.390,-1.575,-1.184,-1.171,-1.517,-1.373,-1.282,-1.093,-1.029,-1.162,-1.148,-1.049,-0.883,-0.951,-0.908,-0.913,-0.764,-0.636,-0.929,-0.946,-0.860,-0.791,-0.704,-0.714,-0.666,-0.710,-0.692,-0.581,-0.507,-0.778,-0.603,-0.608,-0.550,-0.342,-0.586,-0.601,-0.522,-0.598,-0.613,-0.661,-0.479,-0.611,-0.463,-0.552,-0.542,-0.621,-0.611,-0.525,-0.454,-0.544,-0.490,-0.326,-0.247,-0.562,-0.435,-0.360,-0.312,-0.392,-0.485,-0.412,-0.389,-0.451,-0.265,-0.400,-0.152,-0.022,-0.230,-0.027,2.330,72.683,345.726,501.439,195.511,20.555,0.948,0.802,0.716,1.180,0.929,1.193,1.164,1.379,1.647,2.182,2.214,2.154,2.687,2.738,2.894,3.038,3.486,3.217,3.756,4.076,3.786,4.190,5.119,4.786,4.251,5.127,5.280,5.512,6.173,6.156,6.355,6.882,6.866,5.657,5.843,5.956,6.166,5.396,5.041,5.562,5.695,5.689,5.830,5.540,5.232,5.529,5.281,4.644,4.837,5.238,4.999,4.517,5.190,4.652,4.388,4.073,5.088,4.083,3.802,3.943,3.990,4.122,3.724,3.777,3.624,3.217,3.115,3.654,2.958,2.840,2.972,3.074,2.260,2.496,2.787,2.263,1.445,1.681,2.355,1.689,1.691,1.479,1.193,1.495,1.380,1.180,1.429,1.480,0.619,0.810,1.054,0.630,0.847,
415,-4.684,-3.301,-2.675,-2.281,-2.305,-2.066,-1.773,-1.444,-1.748,-1.358,-1.531,-1.489,-1.352,-1.206,-1.277,-1.444,-1.099,-1.218,-0.950,-1.001,-0.916,-0.860,-0.945,-1.015,-0.808,-0.655,-0.886,-0.782,-0.613,-0.728,-0.752,-0.553,-0.670,-0.671,-0.594,-0.704,-0.634,-0.811,-0.559,-0.671,-0.722,-0.591,-0.687,-0.603,-0.460,-0.637,-0.695,-0.591,-0.566,-0.361,-0.513,-0.518,-0.607,-0.495,-0.582,-0.331,-0.545,-0.551,-0.323,-0.257,-0.481,-0.447,-0.494,-0.498,-0.466,-0.300,-0.454,-0.247,-0.413,-0.532,-0.446,-0.354,-0.447,-0.137,-0.478,-0.231,-0.137,-0.200,0.042,0.542,15.883,175.626,441.911,340.875,70.338,3.634,0.407,0.655,0.677,0.955,0.961,0.934,1.339,1.870,1.709,2.158,2.327,2.299,1.966,2.810,3.396,3.448,2.716,3.632,3.630,3.843,3.815,4.685,3.839,4.735,4.625,4.323,4.982,5.689,5.156,5.766,6.648,6.534,6.578,4.963,6.020,5.792,4.767,5.039,5.825,4.584,5.442,4.764,4.798,5.110,4.920,4.718,5.033,4.974,4.596,4.135,4.833,4.151,4.013,4.156,4.437,4.197,3.907,4.266,3.629,3.933,2.998,4.139,2.790,2.948,2.147,3.533,2.319,2.458,2.626,2.767,2.106,2.543,2.102,2.212,2.027,1.479,1.633,2.033,1.750,1.723,1.686,1.648,1.100,1.419,0.914,0.988,1.157,0.486,0.971,0.835,
420,-4.310,-3.497,-2.324,-2.086,-1.417,-2.173,-1.372,-1.805,-1.230,-1.530,-1.285,-1.301,-1.283,-1.162,-1.148,-1.172,-1.222,-1.021,-0.915,-0.959,-0.699,-0.746,-1.004,-0.959,-0.978,-0.880,-0.832,-0.704,-0.716,-0.562,-0.679,-0.840,-0.554,-0.698,-0.608,-0.614,-0.498,-0.426,-0.676,-0.632,-0.432,-0.622,-0.543,-0.391,-0.457,-0.578,-0.555,-0.511,-0.610,-0.524,-0.493,-0.395,-0.398,-0.495,-0.533,-0.390,-0.361,-0.427,-0.415,-0.206,-0.300,-0.369,-0.368,-0.441,-0.355,-0.238,-0.261,-0.387,-0.466,-0.476,-0.293,-0.322,-0.341,-0.383,-0.342,-0.341,-0.608,-0.327,-0.059,-0.298,-0.321,0.224,4.052,72.899,315.520,395.441,132.308,9.640,0.667,0.677,0.596,1.000,0.816,1.007,0.977,1.392,1.292,1.688,1.692,1.860,2.004,2.482,2.520,2.550,2.838,3.722,3.520,3.235,4.009,3.593,3.744,4.286,3.568,3.936,4.099,4.659,4.831,5.068,5.629,6.015,5.901,5.656,5.586,4.977,4.118,4.297,5.096,4.655,4.775,4.622,4.046,4.755,4.380,4.398,3.804,3.881,3.986,4.132,3.843,3.513,3.893,3.579,3.727,3.288,3.609,3.839,4.077,3.162,3.144,2.425,2.832,2.158,3.427,3.172,2.096,2.128,2.067,1.947,1.941,1.776,1.503,2.227,1.479,1.711,1.750,1.461,1.217,1.171,1.422,1.149,1.124,1.049,0.898,0.968,1.147,0.547,
425,-3.514,-3.459,-2.817,-2.223,-1.810,-1.882,-1.854,-1.712,-1.380,-1.481,-1.528,-1.246,-1.142,-1.204,-1.104,-0.988,-1.102,-0.803,-1.009,-0.983,-0.952,-1.058,-0.867,-0.790,-0.813,-0.421,-0.703,-0.660,-0.643,-0.724,-0.825,-0.630,-0.676,-0.641,-0.620,-0.462,-0.493,-0.551,-0.571,-0.517,-0.572,-0.444,-0.518,-0.528,-0.368,-0.487,-0.505,-0.617,-0.592,-0.438,-0.504,-0.517,-0.422,-0.235,-0.424,-0.359,-0.407,-0.426,-0.297,-0.454,-0.387,-0.487,-0.369,-0.481,-0.438,-0.329,-0.270,-0.424,-0.408,-0.174,-0.283,-0.419,-0.512,-0.399,-0.340,-0.397,-0.343,-0.251,-0.469,-0.254,-0.342,-0.276,-0.201,0.000,0.428,17.325,151.130,360.503,255.922,47.055,2.187,0.472,0.826,0.800,0.688,0.787,0.994,1.212,1.082,1.525,1.617,1.738,1.802,1.382,2.341,2.202,2.693,3.079,2.619,2.651,2.960,3.342,3.103,3.178,3.055,3.642,3.597,3.751,3.118,4.001,3.877,4.850,4.899,4.539,5.359,4.881,4.165,4.506,4.083,4.125,3.814,3.805,3.844,4.181,3.380,3.714,3.550,3.813,3.952,3.072,3.182,3.505,3.276,3.022,3.195,3.075,2.602,3.396,2.629,2.305,2.777,2.361,2.862,2.510,1.996,1.447,1.945,1.737,2.176,2.187,1.691,1.547,1.438,1.985,1.250,1.546,0.608,0.962,0.680,1.126,0.593,0.867,0.820,0.656,0.573,0.776,
430,-3.212,-2.734,-2.071,-2.520,-1.628,-1.551,-1.632,-1.832,-1.702,-1.372,-1.091,-1.186,-1.297,-0.990,-1.204,-0.965,-0.837,-0.863,-0.809,-0.896,-0.896,-0.584,-0.715,-0.739,-0.890,-0.679,-0.718,-0.887,-0.624,-0.345,-0.632,-0.674,-0.701,-0.608,-0.535,-0.540,-0.532,-0.584,-0.542,-0.591,-0.479,-0.688,-0.495,-0.510,-0.415,-0.577,-0.475,-0.352,-0.454,-0.388,-0.517,-0.535,-0.446,-0.307,-0.449,-0.370,-0.302,-0.320,-0.225,-0.360,-0.281,-0.503,-0.448,-0.413,-0.340,-0.431,-0.387,-0.354,-0.413,-0.352,-0.305,-0.338,-0.319,-0.412,-0.267,-0.259,-0.318,-0.271,-0.389,-0.309,-0.246,-0.203,-0.174,-0.224,-0.080,-0.048,-0.046,2.810,45.101,231.527,307.593,125.845,12.160,0.539,0.402,0.529,0.625,0.759,0.786,0.914,0.978,1.245,1.659,1.328,1.758,1.534,1.442,1.977,2.110,2.028,2.578,2.396,2.083,2.520,2.230,2.838,2.858,2.801,3.211,2.847,3.026,3.464,3.378,3.597,3.971,4.012,4.096,4.818,4.254,3.338,3.838,3.666,3.205,3.462,3.175,3.426,3.786,3.217,3.013,2.892,3.137,2.931,3.272,2.832,2.319,3.006,2.312,2.619,2.552,2.484,3.098,2.267,2.019,2.159,1.320,1.808,1.930,1.835,1.500,1.079,1.506,0.986,1.198,1.321,1.320,1.400,1.347,1.006,0.945,0.404,1.046,0.496,0.712,0.853,0.700,0.328,
435,-2.509,-2.463,-2.199,-2.263,-1.612,-1.885,-1.407,-1.436,-0.923,-1.277,-0.996,-0.855,-0.990,-1.287,-1.142,-1.066,-0.787,-0.881,-0.815,-0.931,-0.736,-0.801,-0.751,-0.626,-0.585,-0.678,-0.697,-0.573,-0.553,-0.546,-0.406,-0.628,-0.375,-0.514,-0.549,-0.433,-0.444,-0.370,-0.417,-0.545,-0.425,-0.417,-0.417,-0.483,-0.402,-0.494,-0.276,-0.398,-0.517,-0.443,-0.499,-0.406,-0.290,-0.451,-0.285,-0.337,-0.452,-0.345,-0.411,-0.434,-0.400,-0.434,-0.395,-0.438,-0.298,-0.413,-0.354,-0.182,-0.377,-0.328,-0.274,-0.260,-0.332,-0.277,-0.292,-0.353,-0.265,-0.330,-0.328,-0.318,-0.239,-0.168,-0.228,-0.202,-0.136,-0.185,-0.253,-0.189,-0.081,0.330,14.772,111.041,278.712,193.804,40.300,1.921,0.404,0.314,0.322,0.627,0.618,0.947,1.144,1.158,1.110,1.175,1.333,1.436,1.600,1.653,1.591,1.743,1.918,1.982,1.920,1.979,2.567,2.956,2.469,2.684,2.898,2.568,2.458,2.661,2.909,3.597,2.629,3.313,3.803,3.607,3.488,3.661,4.041,3.035,2.879,3.102,3.337,2.761,3.041,2.519,2.880,2.877,2.261,2.375,1.846,2.411,2.623,2.417,1.827,1.935,1.860,1.950,1.605,1.532,1.411,1.354,1.758,1.422,1.754,1.402,1.273,1.170,1.254,1.220,1.078,1.660,1.061,0.874,1.015,0.365,0.845,1.024,0.401,0.708,0.349,0.506,
440,-2.891,-1.978,-2.344,-2.003,-1.572,-1.413,-0.981,-1.448,-1.375,-1.125,-1.112,-1.097,-1.179,-0.979,-0.957,-0.853,-0.925,-0.633,-0.617,-0.604,-0.672,-0.563,-0.428,-0.678,-0.629,-0.698,-0.606,-0.575,-0.753,-0.565,-0.550,-0.672,-0.541,-0.515,-0.511,-0.465,-0.477,-0.445,-0.521,-0.513,-0.568,-0.381,-0.506,-0.371,-0.408,-0.351,-0.345,-0.386,-0.433,-0.332,-0.432,-0.265,-0.373,-0.277,-0.307,-0.370,-0.347,-0.293,-0.275,-0.387,-0.334,-0.236,-0.332,-0.361,-0.290,-0.264,-0.311,-0.259,-0.273,-0.244,-0.312,-0.220,-0.368,-0.215,-0.204,-0.371,-0.294,-0.061,-0.356,-0.421,-0.314,-0.210,-0.222,-0.104,-0.137,-0.129,-0.153,-0.222,-0.251,-0.108,-0.044,0.089,1.961,40.873,182.625,259.737,100.841,10.392,0.689,0.318,0.652,0.569,0.743,0.901,0.894,0.831,0.782,1.117,1.075,1.653,1.167,1.531,1.681,1.958,1.813,2.044,2.095,1.807,1.939,1.883,1.947,2.720,2.243,2.521,2.092,2.491,2.375,2.622,2.120,2.764,2.690,3.353,3.187,3.165,2.986,2.923,3.258,2.561,2.633,2.717,2.609,1.890,2.505,1.866,2.284,1.885,1.937,1.917,1.720,2.304,1.732,1.573,1.542,1.757,1.564,2.006,1.631,1.807,1.520,1.556,1.583,0.837,1.191,0.863,1.347,1.237,0.911,0.873,0.421,0.944,0.505,0.689,0.946,0.207,1.204,0.684,
445,-3.192,-2.705,-1.842,-1.535,-1.594,-1.505,-1.534,-1.494,-1.358,-1.151,-1.066,-0.964,-0.837,-0.800,-0.941,-0.728,-0.822,-0.808,-0.722,-0.470,-0.501,-0.499,-0.648,-0.848,-0.513,-0.601,-0.660,-0.419,-0.660,-0.548,-0.493,-0.412,-0.681,-0.318,-0.385,-0.270,-0.460,-0.445,-0.448,-0.538,-0.470,-0.573,-0.339,-0.442,-0.467,-0.277,-0.485,-0.326,-0.356,-0.369,-0.207,-0.247,-0.371,-0.421,-0.358,-0.272,-0.408,-0.374,-0.301,-0.329,-0.290,-0.386,-0.243,-0.220,-0.304,-0.330,-0.218,-0.242,-0.250,-0.412,-0.333,-0.338,-0.303,-0.258,-0.252,-0.251,-0.159,-0.294,-0.269,-0.382,-0.317,-0.312,-0.316,-0.240,-0.164,-0.067,-0.186,-0.135,-0.159,-0.090,-0.041,-0.135,-0.145,-0.027,0.199,7.858,86.923,224.543,192.746,42.486,2.531,0.403,0.377,0.514,0.604,0.612,0.708,0.757,0.583,0.789,1.059,1.392,1.293,1.148,1.714,1.500,1.529,1.844,1.865,1.606,1.692,1.640,1.884,1.828,1.681,2.024,1.820,2.186,2.245,2.216,1.922,2.204,1.917,2.351,2.468,2.770,2.977,2.829,2.778,2.850,2.790,2.038,1.568,2.208,1.648,1.674,2.010,1.924,1.706,1.841,1.560,1.892,1.574,1.571,1.646,1.355,1.347,1.535,1.352,1.053,1.150,0.896,1.228,1.142,0.816,1.166,0.510,0.661,0.703,0.902,0.817,0.567,0.615,0.815,0.830,0.559,
450,-2.559,-2.224,-1.856,-1.477,-1.382,-1.198,-1.081,-0.967,-1.191,-1.112,-0.734,-0.898,-0.629,-0.733,-0.616,-0.658,-0.743,-0.522,-0.654,-0.484,-0.500,-0.564,-0.601,-0.522,-0.550,-0.502,-0.579,-0.419,-0.353,-0.324,-0.555,-0.385,-0.437,-0.407,-0.417,-0.433,-0.353,-0.324,-0.338,-0.364,-0.475,-0.291,-0.400,-0.358,-0.410,-0.045,-0.347,-0.182,-0.202,-0.374,-0.208,-0.312,-0.269,-0.369,-0.271,-0.266,-0.172,-0.266,-0.206,-0.187,-0.315,-0.192,-0.326,-0.194,-0.210,-0.263,-0.264,-0.228,-0.214,-0.232,-0.320,-0.320,-0.298,-0.225,-0.204,-0.244,-0.193,-0.235,-0.330,-0.216,-0.219,-0.175,-0.193,-0.219,-0.111,-0.252,-0.234,-0.023,-0.163,-0.104,-0.076,-0.148,-0.182,-0.092,-0.159,-0.072,0.124,1.200,27.838,150.994,237.468,101.458,9.033,0.685,0.435,0.465,0.674,0.595,0.867,0.706,0.863,0.986,0.889,0.770,1.061,1.244,1.208,1.192,1.481,1.534,1.435,1.491,1.442,1.905,1.816,1.778,1.758,1.516,1.518,1.696,2.058,1.928,1.800,2.140,2.181,2.097,1.935,1.956,2.019,2.725,1.973,2.473,2.566,2.201,1.828,2.006,1.799,1.885,1.726,1.574,1.618,1.902,1.833,1.303,1.278,1.145,1.839,0.956,1.547,1.227,1.152,0.537,1.194,1.246,0.773,0.902,0.865,0.489,0.701,0.844,0.782,0.700,0.607,0.403,0.713,0.551,
