"Summary"
"[Software Information]"
"Software Name:","LabSolutions RF"
"Version:","1.12"
"[Data Information]"
"Data is:","Modified"
"Sample Name:","SP01_240625"
"Sample ID"
"Option"
"Analyst"
"Date/Time:","30/07/2025 13:15:49"
"Comments"
"[Instrument Information]"
"Instrument Name:","Fluoro"
"Instrument Type:","RF-6000 Series"
"Model (S/N):","RF-6000 (A40245500667SA)"

"Parameter"
"[Measurement]"
"Spectrum Type:","3D"
"EX Wavelength Start:","240.0 nm"
"EX Wavelength End:","450.0 nm"
"Data Interval:","5.0 nm"
"EM Wavelength Start:","250.0 nm"
"EM Wavelength End:","600.0 nm"
"Data Interval:","2.0 nm"
"Scan Speed:","6000 nm/min"
"[Instrument]"
"EX Bandwidth:","3.0 nm"
"EM Bandwidth:","3.0 nm"
"Sensitivity:","High"
"[Attachment]"
"Attachment:","None"
"[Auto Print]"
"Auto Print:","No"
"Report File:",""

"SP01_240625.fs3f - CorrectionData"
"EX Wavelength/EM Wavelength",250,252,254,256,258,260,262,264,266,268,270,272,274,276,278,280,282,284,286,288,290,292,294,296,298,300,302,304,306,308,310,312,314,316,318,320,322,324,326,328,330,332,334,336,338,340,342,344,346,348,350,352,354,356,358,360,362,364,366,368,370,372,374,376,378,380,382,384,386,388,390,392,394,396,398,400,402,404,406,408,410,412,414,416,418,420,422,424,426,428,430,432,434,436,438,440,442,444,446,448,450,452,454,456,458,460,462,464,466,468,470,472,474,476,478,480,482,484,486,488,490,492,494,496,498,500,502,504,506,508,510,512,514,516,518,520,522,524,526,528,530,532,534,536,538,540,542,544,546,548,550,552,554,556,558,560,562,564,566,568,570,572,574,576,578,580,582,584,586,588,590,592,594,596,598,600,
240,-149.278,-114.519,-103.269,-97.114,-65.540,-33.726,-19.566,-30.077,-63.997,-59.538,-39.786,-52.179,-61.438,-54.398,-54.867,-47.027,-51.504,-48.390,-47.972,-41.026,-38.768,-34.238,-33.250,-39.008,-38.971,-36.407,-34.129,-30.878,-25.253,-27.212,-31.309,-19.492,-26.080,-10.407,-9.091,-3.185,10.825,19.172,31.363,16.943,17.140,25.338,37.029,30.618,35.078,32.936,39.948,24.883,43.530,29.181,39.137,36.046,37.485,37.715,32.168,30.933,30.669,21.927,21.227,23.951,24.895,23.089,17.161,26.185,13.472,27.384,22.148,19.327,13.161,20.717,9.063,20.899,10.324,13.259,16.402,14.331,2.198,31.907,24.856,14.162,17.405,28.316,20.917,21.208,21.951,25.745,13.694,21.947,15.087,10.640,19.809,12.411,9.459,12.550,24.479,22.659,4.833,7.187,14.836,27.158,20.685,17.566,12.965,13.655,17.279,14.784,10.842,22.691,6.096,14.367,6.786,9.505,25.422,131.467,266.394,338.267,249.497,116.712,30.742,11.514,8.369,-4.237,-2.253,-3.802,-6.277,-3.989,-4.309,-12.690,-14.538,-14.256,-6.490,-13.840,-13.296,-2.552,-4.996,-0.327,-6.488,-13.291,-9.833,-6.943,-10.375,-14.287,-15.917,-24.633,-17.366,-16.162,-21.202,-16.761,-21.244,-14.828,-13.393,-25.072,-17.537,-19.570,-28.709,-23.321,-24.563,-22.428,-31.962,-14.882,-31.316,-30.545,-25.177,-37.028,-34.175,-35.971,-42.539,-27.528,-34.108,-40.229,-40.977,-30.424,-35.651,-39.580,-33.573,-39.907,
245,-51.519,-98.079,-77.960,-77.540,-70.383,-49.909,-51.809,-43.967,-12.392,-25.336,-34.510,-39.334,-47.139,-39.807,-36.329,-39.768,-34.935,-33.830,-30.268,-33.044,-34.794,-29.950,-21.690,-21.030,-25.932,-29.451,-16.446,-18.901,-19.022,-14.710,-22.903,-18.297,-18.863,-13.959,5.280,5.431,23.084,12.594,27.824,22.447,33.078,22.569,25.421,41.753,49.874,42.723,37.575,37.806,50.048,36.534,40.881,44.181,41.845,47.815,40.981,38.629,34.304,32.991,21.206,22.044,17.563,30.034,19.302,30.803,28.926,27.970,21.530,18.373,22.476,20.541,28.638,25.168,20.355,20.931,21.554,17.553,28.727,27.018,21.273,32.793,12.411,15.465,27.851,12.260,24.309,22.224,21.479,21.091,22.924,24.635,18.560,19.720,20.457,23.943,21.810,25.050,8.399,27.612,18.518,20.978,12.933,14.024,27.557,11.691,5.928,12.928,4.382,9.689,20.900,8.831,7.693,8.628,10.068,4.497,1.681,10.617,13.158,25.963,124.092,279.605,356.942,290.795,153.106,37.424,7.870,5.808,-1.502,2.978,-1.285,0.562,1.449,-0.579,-1.697,-6.345,-7.082,0.599,4.079,-3.369,-1.871,-1.252,-2.455,3.367,-4.312,-0.840,-1.463,-9.567,-9.701,-16.070,-8.769,-12.556,-15.086,-17.820,-17.102,-22.063,-19.111,-23.931,-17.887,-17.328,-22.137,-21.609,-22.213,-17.328,-18.103,-25.082,-19.282,-25.996,-18.034,-28.623,-20.117,-29.332,-24.618,-28.592,-19.910,-27.305,-21.221,-28.042,
250,2797.335,1637.755,222.674,-45.811,-50.826,-37.536,-46.203,-44.262,-44.403,-31.360,-8.310,11.327,4.134,-15.066,-13.374,-27.967,-32.215,-26.977,-22.674,-26.578,-22.856,-13.441,-24.523,-13.836,-24.845,-18.945,-17.138,-11.728,-13.598,-17.183,-14.555,-12.644,-11.653,-2.534,1.713,5.553,3.925,15.316,11.658,19.055,21.743,31.230,26.814,29.715,30.241,35.666,24.091,45.693,34.396,33.797,36.932,24.750,28.143,36.143,39.536,29.953,34.947,22.966,29.213,35.055,20.424,29.169,24.968,22.216,23.345,17.764,30.110,28.423,18.870,25.630,22.571,15.531,21.359,16.718,20.676,25.772,23.573,34.059,19.930,30.332,29.355,18.008,26.615,20.749,20.891,23.513,24.233,27.675,25.817,29.818,28.171,26.282,13.811,31.947,20.950,22.328,23.323,16.433,28.945,24.189,30.442,28.535,18.626,27.011,19.904,23.800,14.640,20.921,28.182,14.881,21.553,19.274,21.118,12.700,22.437,11.521,17.062,17.738,9.529,16.079,10.823,10.676,40.019,123.102,286.249,374.222,365.065,170.631,55.130,17.899,3.247,13.427,6.214,-1.781,1.295,0.888,0.769,-2.949,5.505,-4.169,-1.318,-0.443,-0.119,-7.342,-6.050,-4.084,-2.040,1.872,-1.611,-6.952,-2.621,-7.330,-9.552,-11.942,-16.325,-3.933,-13.418,-11.469,-11.916,-12.496,-12.804,-15.510,-17.250,-12.577,-14.347,-15.230,-17.383,-16.795,-19.960,-20.846,-16.281,-19.321,-20.810,-18.147,-22.556,-14.322,
255,74.150,719.279,2420.751,2168.203,769.733,30.432,-40.323,-35.994,-35.781,-33.398,-35.719,-28.967,-19.147,-5.501,25.265,17.024,-7.704,-8.526,-19.072,-21.145,-17.219,-22.766,-21.159,-19.148,-17.424,-13.423,-17.365,-14.079,-15.416,-7.194,-9.935,-16.356,-9.782,-1.027,-3.463,7.768,7.997,13.271,21.210,11.917,11.024,15.663,29.407,34.355,17.169,22.276,15.464,30.628,19.148,19.524,20.324,15.211,28.241,33.498,24.905,18.717,19.538,22.910,27.146,18.753,19.689,28.296,29.818,20.936,27.220,25.482,13.049,20.360,19.698,20.415,23.169,30.052,30.415,25.922,27.326,35.821,29.203,24.397,23.570,34.380,35.294,20.229,37.766,28.408,30.153,31.024,31.635,29.300,43.663,24.853,40.219,28.800,35.057,36.108,27.580,32.835,29.432,30.039,29.465,38.067,32.295,32.891,27.969,33.585,32.480,31.285,23.618,34.541,22.969,23.567,25.451,22.588,25.453,17.278,24.832,29.169,21.950,21.381,20.060,19.548,23.872,15.590,15.066,10.158,19.700,17.951,12.944,38.994,138.894,345.401,535.234,460.568,236.901,92.710,23.259,8.654,3.222,8.374,-0.392,-0.242,-2.147,-2.135,-2.113,-3.469,3.466,-6.988,5.676,-6.047,-5.074,-9.266,-2.447,0.932,-3.994,-0.210,3.461,3.750,-6.478,-4.813,-5.412,-9.737,-11.947,-8.949,-7.775,-12.356,-14.559,-12.162,-11.205,-15.634,-15.555,-17.456,-12.153,-19.826,-21.909,-1.415,-19.185,-18.056,
260,-77.025,-65.851,-32.941,202.361,1276.878,2518.706,1621.023,321.112,-0.835,-32.896,-18.970,-20.239,-26.685,-15.859,-24.790,-13.391,-2.638,29.414,23.805,3.672,-5.733,-12.157,-9.542,-10.507,-5.961,-12.070,-12.791,-9.985,-4.637,-9.086,-3.974,-1.718,-6.991,-2.809,7.770,13.026,18.762,21.247,14.989,27.041,12.936,15.717,27.187,25.307,31.656,23.889,28.661,30.969,27.918,22.724,25.561,26.674,21.526,30.530,35.015,18.183,30.360,33.440,19.935,28.273,24.403,28.762,17.392,22.664,27.487,31.988,25.508,29.575,25.794,28.086,26.268,34.998,32.019,29.556,26.113,25.486,35.380,33.586,25.643,33.034,32.738,33.898,28.218,29.960,33.448,33.100,38.429,28.384,31.837,37.108,33.966,39.645,23.542,36.969,30.563,37.615,37.774,37.792,40.238,27.562,29.447,34.692,35.226,31.264,25.739,32.230,24.817,32.852,29.250,31.993,30.178,33.524,26.742,32.299,22.671,25.014,17.961,13.231,25.639,21.217,17.224,15.920,19.535,19.694,22.162,11.531,13.075,15.816,14.807,11.512,18.412,23.149,43.647,144.127,350.546,528.094,531.238,284.852,100.981,23.442,8.976,4.076,6.761,6.762,3.974,6.045,6.941,4.247,-1.915,-1.471,0.246,1.769,-0.063,-1.341,-0.754,-5.956,1.300,7.950,8.811,3.678,-0.078,1.843,4.990,2.205,-10.031,-6.580,-5.151,-8.764,-11.426,-5.442,-6.229,-10.286,-7.756,-12.075,-11.131,-11.598,
265,-63.445,-47.370,-43.811,-32.734,-20.818,53.964,692.077,2370.337,2222.538,710.515,46.567,-12.030,-16.374,-15.255,-9.839,-11.068,-7.532,-8.439,-2.350,10.237,23.532,23.069,8.715,-1.980,0.072,-3.112,-3.571,-2.808,-3.639,-1.746,-4.271,0.438,1.284,2.599,10.194,18.376,21.989,19.281,29.353,23.559,25.441,24.242,34.336,37.581,32.571,36.356,35.755,34.811,32.303,31.440,30.799,39.519,36.694,37.814,35.183,30.957,36.887,30.528,25.606,36.237,23.837,29.819,33.576,28.301,34.007,24.893,29.489,30.367,23.577,23.279,24.405,28.837,22.934,26.655,25.459,27.003,29.870,26.693,24.796,26.699,26.228,31.785,34.645,24.552,31.770,35.914,28.232,29.112,28.054,35.502,36.447,33.740,29.908,32.038,29.884,30.678,33.331,29.558,35.367,28.509,28.878,28.528,29.097,27.354,28.715,36.567,28.083,30.311,25.741,32.210,30.512,29.289,30.646,26.160,27.719,22.829,25.705,20.640,21.656,21.048,22.757,18.134,20.324,20.215,13.644,22.782,15.002,21.954,13.721,16.437,15.257,13.173,11.537,11.798,10.209,9.207,18.361,56.227,165.867,374.817,535.184,485.312,237.254,76.498,13.415,11.121,5.403,5.322,6.057,7.866,2.943,4.623,1.274,-3.631,0.884,3.763,1.392,-0.178,-0.401,0.599,-4.240,0.322,-3.929,-0.728,5.861,3.313,4.791,5.285,0.009,-2.655,-6.777,-2.661,-2.741,-6.909,-7.796,-12.596,
270,-50.792,-36.142,-29.828,-25.529,-16.557,-21.554,-21.793,-5.524,215.639,1472.293,2652.740,1440.927,271.810,3.400,-9.570,-6.023,-11.193,-4.830,-7.786,-4.414,-7.039,-1.523,16.025,34.962,26.305,14.909,5.309,1.241,1.848,2.714,5.280,3.327,7.724,7.298,20.158,26.100,21.439,36.290,32.024,36.939,39.049,36.955,34.020,49.423,51.365,45.380,45.991,43.706,43.360,46.814,52.362,40.426,41.062,44.958,42.757,41.455,35.309,32.786,37.551,41.033,34.423,30.497,33.021,32.280,27.249,31.597,25.191,29.139,29.172,22.030,30.202,28.809,29.230,24.727,27.602,23.636,27.773,28.083,29.314,28.613,31.678,31.112,26.403,32.128,29.281,31.238,29.387,31.088,28.507,28.855,32.802,31.603,33.356,30.746,27.726,36.618,28.819,29.598,31.324,33.221,27.460,29.913,31.358,30.388,29.064,28.825,27.339,29.013,28.989,33.379,28.027,28.981,30.185,23.541,26.133,25.907,23.011,18.417,19.006,19.553,20.104,21.476,17.065,19.639,21.181,20.730,19.745,16.217,17.418,21.201,14.063,19.594,11.398,16.644,14.371,10.537,15.527,10.512,13.956,12.443,8.135,15.343,44.884,166.271,392.374,596.944,526.718,294.917,79.592,9.948,7.950,2.655,2.808,2.611,3.510,3.323,3.882,2.462,1.222,0.707,0.125,0.099,0.883,1.229,-0.783,0.749,-0.166,-2.590,-0.868,0.645,1.968,3.409,2.764,2.994,6.087,-4.535,
275,-39.432,-30.595,-26.462,-19.336,-19.882,-12.771,-13.852,-8.135,-10.687,-10.162,50.139,762.019,2195.972,2157.991,572.155,48.345,-4.418,-4.859,-2.326,-3.432,-2.768,1.115,2.204,-0.552,6.042,16.251,28.800,31.196,19.038,10.920,12.099,7.681,7.241,15.195,20.041,28.450,39.471,40.986,35.255,46.318,41.968,47.678,56.834,54.436,62.638,54.957,54.796,58.411,55.518,52.104,50.224,53.640,46.859,55.341,50.050,47.578,50.268,38.627,41.108,36.549,38.188,34.012,35.857,36.133,31.757,30.594,35.728,33.288,34.213,30.905,26.422,28.252,28.513,29.014,28.271,23.279,26.618,29.533,28.769,28.569,27.294,30.582,27.643,29.645,32.094,27.179,30.903,26.709,29.901,30.447,28.159,31.493,26.309,29.785,28.314,31.706,26.356,30.187,27.378,29.987,26.843,28.333,26.338,28.392,27.788,32.101,27.416,23.041,27.112,27.868,21.518,25.366,25.062,20.639,21.275,17.292,23.312,22.693,23.808,19.398,20.522,18.440,18.270,18.424,22.105,19.020,18.749,16.356,19.233,18.638,12.033,14.302,17.567,13.456,11.871,7.930,13.211,9.579,9.580,12.882,12.365,8.833,9.660,6.981,5.164,16.249,12.131,48.778,196.099,444.855,603.421,514.690,255.500,67.160,12.823,7.658,6.314,1.035,1.977,1.544,3.929,2.712,1.401,2.640,2.670,2.658,0.431,-0.107,0.628,-1.013,-2.743,-2.187,-0.554,-0.161,1.288,2.050,
280,-30.600,-29.343,-22.455,-14.450,-15.567,-16.332,-15.632,-14.725,-12.528,-11.584,-8.966,-8.108,0.489,306.487,1731.328,2622.606,1291.861,160.801,3.583,-1.335,0.311,2.592,1.536,0.673,2.046,3.706,9.401,10.692,21.951,37.518,32.823,22.607,20.475,23.392,32.235,36.187,40.588,46.191,48.892,52.924,56.457,63.176,69.281,63.135,77.121,75.444,68.522,71.535,64.768,64.504,65.124,66.361,61.196,57.138,61.035,57.754,47.696,49.237,53.496,51.723,43.124,42.295,40.726,44.231,41.794,36.219,34.551,34.403,37.847,31.044,31.369,32.524,29.609,32.423,30.176,29.597,31.212,26.997,33.714,28.608,29.044,27.496,33.359,28.159,33.528,27.488,30.778,30.091,28.490,29.544,26.496,28.365,29.553,30.805,29.747,31.455,24.432,27.660,30.687,31.045,28.190,28.592,27.763,26.618,31.081,28.797,28.213,26.122,23.927,21.391,24.857,23.120,20.949,25.422,25.222,24.278,24.864,19.099,17.452,17.158,18.720,19.574,20.536,18.190,15.912,18.006,18.815,15.202,18.360,17.237,21.156,17.517,15.634,12.962,10.820,13.170,12.567,11.893,11.958,8.782,9.477,10.841,11.193,9.260,8.808,6.160,8.044,7.484,7.615,6.169,9.955,16.015,65.622,222.441,479.605,646.587,523.293,253.236,71.685,12.069,7.096,2.705,2.295,2.630,1.157,2.555,3.684,-0.380,3.070,1.894,0.662,-1.569,0.117,0.913,4.124,1.430,
285,-26.903,-21.544,-19.141,-15.990,-9.360,-9.727,-14.292,-10.539,-8.728,-7.912,-7.278,-8.555,-6.862,-3.873,-4.362,49.400,725.516,2355.470,2164.145,576.992,37.540,3.195,2.222,2.961,3.733,8.049,7.977,6.788,7.519,8.981,15.641,18.225,35.804,47.431,47.612,56.032,60.780,58.968,60.186,65.898,75.461,78.647,83.863,84.293,101.118,94.865,93.761,90.690,83.316,83.318,80.864,86.066,73.489,73.521,71.765,66.265,65.925,62.536,60.213,58.836,56.278,52.279,51.814,52.935,52.324,53.267,44.197,43.201,40.524,36.976,38.977,36.437,39.341,33.625,39.836,36.613,32.546,38.644,35.360,28.963,32.753,29.376,31.778,29.855,31.605,32.962,27.446,28.964,31.622,30.085,29.691,28.767,28.176,29.376,29.820,26.970,26.237,29.299,28.503,28.006,29.970,28.883,27.812,25.083,28.627,22.942,26.101,27.821,22.521,23.787,25.866,25.755,25.046,21.925,20.744,24.179,21.588,22.404,20.168,17.384,19.160,19.527,22.986,15.740,17.014,18.496,13.795,15.443,13.028,17.022,18.936,11.242,14.572,11.171,13.711,9.185,13.349,11.185,7.714,11.331,10.326,9.832,12.087,7.241,8.524,8.307,5.838,7.527,7.641,6.926,8.012,7.492,5.444,5.382,5.843,4.304,15.530,47.687,202.339,425.441,643.129,556.220,299.219,95.096,10.931,2.540,2.750,2.806,0.783,2.342,0.836,-0.297,3.118,-0.929,1.134,1.524,
290,-21.206,-21.217,-13.282,-13.576,-13.259,-11.348,-11.075,-10.268,-9.199,-9.756,-7.420,-5.819,-5.272,-4.578,-5.104,-5.882,-5.831,10.812,266.296,1746.049,2641.417,1328.740,173.920,7.341,3.201,2.066,3.976,4.170,5.479,6.463,11.597,10.082,18.274,28.040,50.768,76.502,94.258,100.561,85.866,82.109,91.000,84.824,101.914,111.690,115.713,112.605,115.441,106.258,108.060,105.697,113.877,93.763,100.826,94.791,91.195,88.928,81.119,73.539,76.502,75.174,70.185,68.647,66.048,62.867,58.622,57.147,53.889,49.535,51.409,47.787,45.517,43.498,40.676,40.957,43.562,36.890,37.607,39.359,37.335,37.692,32.150,35.100,36.532,33.590,37.734,35.495,32.964,32.332,29.253,31.980,26.753,32.011,29.853,26.135,31.166,36.312,30.560,32.988,26.088,28.413,28.681,28.738,25.778,27.838,27.045,27.186,28.647,22.602,26.650,25.727,23.620,24.808,21.608,24.896,22.085,22.072,20.817,20.883,17.591,20.612,21.735,17.546,16.596,17.422,17.417,15.511,14.719,17.285,16.046,17.972,15.907,12.574,13.914,14.143,15.562,12.970,13.980,11.901,10.628,10.392,11.383,10.706,7.373,7.867,9.924,7.832,10.312,6.812,7.469,5.727,8.650,6.782,3.527,3.945,5.387,3.613,1.433,4.413,2.809,4.573,4.883,13.176,71.291,218.440,487.920,652.584,555.452,275.366,72.459,10.369,1.009,0.477,0.024,2.796,-1.633,-0.202,
295,-21.271,-18.029,-13.361,-13.164,-10.491,-11.463,-10.936,-7.491,-8.212,-5.707,-6.668,-8.103,-6.377,-6.640,-5.772,-6.154,-5.418,-4.798,-4.040,-0.469,79.259,875.397,2545.720,2118.019,583.317,27.059,1.298,1.323,2.213,3.408,4.223,6.338,12.143,22.710,41.820,65.998,76.758,95.542,107.655,106.757,109.079,116.693,113.537,127.660,135.760,129.597,126.090,123.334,118.224,112.679,111.385,111.977,114.658,104.472,101.479,99.055,88.866,93.870,91.028,79.172,78.891,76.217,72.309,66.046,62.692,60.968,56.554,59.544,53.338,51.803,52.671,42.794,45.516,43.075,45.583,41.947,39.405,45.287,38.848,41.385,38.620,38.784,37.870,38.733,36.838,35.777,35.619,33.028,32.745,35.783,34.315,30.950,35.433,30.454,31.668,30.554,28.940,33.132,32.359,28.706,27.192,29.284,29.075,27.077,27.221,25.781,30.351,26.126,25.270,26.236,24.049,22.575,25.341,22.872,19.449,22.132,22.811,18.287,19.739,17.892,17.917,20.653,16.520,17.707,16.230,16.877,15.581,18.190,16.528,16.021,14.376,15.825,11.640,13.010,14.099,10.477,10.481,12.605,9.523,9.749,6.698,9.369,6.963,9.343,8.812,7.860,7.501,7.429,5.985,8.147,4.358,6.449,7.299,5.388,3.149,3.763,4.806,3.386,4.010,2.694,3.865,3.008,3.759,6.180,1.808,2.083,13.477,69.478,243.965,497.081,659.023,516.733,233.788,64.671,8.944,1.635,
300,-21.015,-18.142,-12.570,-11.108,-9.291,-9.434,-9.326,-7.536,-7.647,-5.681,-5.179,-7.284,-5.255,-5.658,-5.289,-3.231,-4.093,-5.347,-2.428,-2.829,-2.172,-2.902,10.194,239.078,1472.917,2593.855,1326.291,182.155,6.520,0.437,3.839,7.016,9.773,24.983,42.360,60.000,75.699,91.411,92.611,87.270,110.208,123.203,137.746,146.842,141.783,144.333,139.802,124.789,126.792,125.720,123.159,118.965,123.530,116.111,113.194,103.271,90.977,98.502,90.093,82.602,81.356,78.623,77.372,73.088,73.785,64.206,66.551,59.973,55.434,54.221,56.170,52.459,53.164,51.296,47.229,43.770,42.463,44.391,39.641,42.281,41.482,39.643,40.283,37.730,39.672,35.505,36.547,33.574,36.416,34.806,33.061,34.439,33.202,34.875,32.272,33.285,31.302,30.884,29.388,31.153,30.813,25.925,29.199,28.462,26.392,27.135,25.615,27.282,22.802,24.719,23.645,22.789,22.061,22.377,21.401,22.875,20.972,19.414,19.808,18.415,17.603,17.715,16.190,16.701,18.068,17.631,15.625,15.311,14.911,12.707,13.561,16.235,15.564,11.869,11.658,9.748,9.271,6.302,7.748,11.596,9.964,11.618,9.698,7.147,9.092,6.059,4.772,6.626,7.750,5.842,7.677,7.173,6.422,5.579,3.913,3.816,3.382,5.864,3.495,2.913,3.579,2.982,1.737,2.809,0.463,1.139,0.754,0.261,2.306,2.007,1.137,14.227,58.651,206.196,466.061,604.038,
305,-12.443,-16.018,-12.611,-9.180,-7.208,-6.919,-6.365,-7.442,-5.187,-6.998,-5.180,-5.035,-5.533,-4.673,-4.103,-4.389,-3.496,-3.274,-3.192,-2.143,-2.779,-3.320,-2.864,-1.709,0.217,70.801,790.422,2238.813,1969.065,533.636,29.184,5.847,8.600,19.606,39.579,59.646,81.858,83.800,92.918,87.954,99.077,105.569,118.941,138.940,151.642,152.987,143.704,126.886,115.577,122.578,115.523,116.421,120.242,112.816,109.432,100.383,98.938,93.470,90.445,81.945,84.352,79.382,76.880,75.873,68.591,61.738,61.798,63.373,58.767,53.425,50.976,52.190,49.150,54.645,45.622,44.726,46.872,42.468,39.719,42.373,44.006,40.033,40.963,37.054,41.947,39.576,35.342,35.525,34.488,37.789,35.338,36.030,34.844,35.045,33.794,33.777,32.978,30.460,33.126,29.155,31.314,29.327,29.562,29.560,27.995,27.488,28.334,25.821,23.553,22.620,24.794,22.361,24.909,20.995,22.184,21.609,20.304,19.508,19.435,20.232,17.721,18.058,18.052,18.505,15.726,15.377,17.289,16.012,15.110,13.159,16.012,13.042,12.400,14.355,11.400,10.703,10.650,12.549,10.865,8.770,11.208,9.379,8.876,7.790,6.339,7.116,5.790,5.460,5.409,4.513,6.169,5.060,3.595,4.351,5.380,5.753,2.406,4.279,3.918,2.893,1.974,3.428,2.032,2.022,0.351,1.381,0.474,0.940,1.327,0.603,2.565,1.809,0.734,0.221,0.212,2.779,
310,-10.611,-9.533,-8.841,-7.372,-6.023,-7.778,-6.659,-6.713,-5.980,-5.011,-4.731,-4.602,-5.072,-4.171,-3.955,-3.124,-3.526,-3.118,-2.957,-2.869,-1.494,-2.757,-1.947,-2.067,-1.724,0.282,-0.941,7.861,232.698,1350.976,2284.813,1119.668,164.371,20.709,31.570,40.611,57.959,63.278,62.727,66.392,73.880,78.766,87.804,105.612,108.386,101.178,111.024,104.696,104.654,105.941,99.148,94.656,90.483,86.448,85.899,81.460,80.187,72.009,68.155,70.160,68.249,66.229,63.576,58.062,60.974,57.251,55.333,52.609,52.193,45.308,43.930,47.211,46.026,42.113,42.330,42.126,41.379,41.557,40.297,37.352,42.882,40.394,39.299,38.683,36.481,34.896,37.742,37.265,36.566,35.322,36.170,34.699,33.373,36.139,31.142,31.590,33.575,32.541,31.000,32.301,28.981,30.175,26.745,27.496,28.221,25.505,25.756,26.621,24.777,24.047,26.738,23.289,22.961,23.733,22.291,21.883,19.228,19.163,18.486,19.060,17.130,16.908,15.352,17.012,16.786,16.840,15.654,15.659,13.310,13.117,16.184,13.478,12.042,11.071,10.358,10.470,9.660,11.922,9.217,8.783,9.854,8.360,10.527,8.834,8.018,9.566,8.352,8.059,7.764,7.707,5.212,4.741,2.355,5.706,3.559,4.291,4.087,4.952,3.328,3.685,3.722,4.045,2.224,2.340,4.379,2.474,1.124,2.969,0.885,2.626,0.272,0.904,2.115,0.856,0.590,-0.351,
315,-12.916,-9.670,-9.548,-7.223,-5.280,-6.783,-4.834,-4.604,-4.723,-5.364,-4.568,-4.244,-3.495,-2.542,-3.159,-3.022,-2.828,-1.892,-2.507,-1.923,-2.780,-2.073,-1.438,-2.485,-2.093,-2.321,-0.912,-0.975,-0.891,0.202,31.376,542.512,1807.209,1942.698,577.149,79.296,47.568,49.725,49.664,56.671,59.040,61.522,69.996,79.570,81.470,80.814,81.728,79.151,73.690,78.604,80.153,85.781,86.573,77.801,68.820,68.309,62.981,63.640,57.539,57.466,54.493,50.062,52.637,52.311,47.606,49.701,45.972,47.868,38.519,44.135,42.421,39.343,39.296,39.421,41.075,38.748,37.097,40.684,35.254,35.750,37.129,36.620,37.709,36.415,36.852,36.773,35.032,34.065,32.445,33.302,34.174,32.091,32.514,30.567,31.814,29.877,30.712,26.419,31.685,28.415,30.409,25.251,29.127,27.719,25.186,26.375,26.324,24.435,22.555,24.874,25.003,21.431,22.108,21.706,19.545,20.407,19.576,18.851,15.275,16.250,17.625,15.302,16.362,15.928,15.699,15.669,13.317,15.728,11.377,12.996,15.373,12.694,11.956,11.775,10.156,10.827,10.634,10.624,9.148,9.406,11.210,7.597,7.411,6.633,8.977,6.849,7.525,7.465,7.349,6.371,6.540,4.659,5.594,6.089,5.648,5.735,5.171,3.808,5.341,5.430,1.827,2.737,2.715,2.033,1.273,1.588,1.322,1.038,1.018,1.731,0.733,0.835,1.515,1.618,0.648,0.737,
320,-10.758,-9.396,-8.029,-5.468,-6.385,-3.791,-4.011,-4.913,-4.806,-4.405,-4.744,-3.272,-3.367,-2.751,-3.107,-3.233,-2.423,-2.858,-2.215,-1.868,-2.612,-2.205,-1.208,-2.114,-0.745,-1.837,-1.647,-1.040,-0.115,-0.422,-0.594,0.900,8.544,170.373,1212.242,2045.716,1064.345,151.124,35.325,28.229,30.112,35.005,40.052,45.375,45.659,47.339,46.799,43.664,41.708,42.928,41.187,41.972,44.484,48.377,52.042,50.484,46.190,41.110,38.276,35.604,36.329,35.841,36.943,37.759,35.878,33.998,35.817,36.517,34.119,34.170,32.064,34.630,34.333,31.020,31.840,31.958,31.895,32.455,31.410,33.561,31.350,37.013,33.837,32.857,31.623,32.109,30.806,33.457,31.881,31.993,30.830,31.134,28.455,33.547,31.996,28.857,29.915,27.858,28.540,27.575,27.449,27.986,27.725,26.254,25.643,25.074,24.655,24.602,24.810,24.062,22.628,21.804,21.914,20.238,22.147,19.566,18.538,18.517,19.546,19.115,16.420,17.125,16.929,15.765,15.625,14.994,15.729,14.401,14.119,13.672,14.086,13.043,12.661,13.206,10.168,10.572,11.432,11.259,9.603,9.179,8.173,7.509,7.250,7.230,7.624,5.494,6.449,6.723,6.904,5.428,4.708,5.461,3.485,6.538,4.604,4.148,4.635,5.133,4.126,3.761,3.296,3.606,2.219,3.564,2.152,1.797,2.885,2.290,1.553,0.635,2.131,2.439,1.309,1.294,0.437,-0.646,
325,-8.192,-8.053,-6.819,-4.256,-5.854,-4.664,-5.139,-5.019,-3.905,-3.689,-3.289,-3.196,-2.894,-2.875,-3.024,-2.491,-2.566,-2.285,-2.511,-2.388,-2.081,-2.263,-1.990,-1.480,-1.149,-1.423,-1.310,-1.337,-1.320,-1.525,-1.545,-0.517,-0.441,-0.600,3.477,28.544,428.636,1626.266,1669.973,481.486,32.978,6.761,8.598,7.355,9.500,9.424,9.423,9.012,9.256,9.371,10.304,11.230,13.021,12.715,12.781,15.937,19.945,22.494,26.289,24.458,20.047,17.834,19.843,19.636,21.818,20.712,23.815,21.060,24.292,24.123,22.281,27.294,25.878,23.722,26.920,25.754,27.746,27.139,28.075,29.500,30.452,28.103,29.721,29.673,29.791,28.907,29.636,30.044,29.677,28.510,28.903,26.273,30.534,30.530,28.578,30.857,30.906,29.773,27.104,28.120,25.313,25.423,26.007,25.832,25.615,26.815,24.401,25.462,24.059,23.415,20.971,22.738,22.289,18.949,20.641,18.765,18.620,20.607,20.085,20.165,18.138,17.915,17.884,17.688,14.991,15.163,14.238,15.143,12.073,13.620,12.702,12.499,11.006,12.644,11.664,11.242,12.317,10.974,9.140,10.487,7.536,9.193,8.944,7.600,8.068,6.963,7.075,7.072,6.878,6.159,4.728,6.432,4.424,6.770,5.316,5.010,4.304,4.443,3.103,3.707,4.871,3.760,3.875,3.297,3.560,3.253,3.232,1.970,1.732,1.258,2.125,0.813,2.333,1.979,1.463,0.901,
330,-10.557,-7.018,-6.092,-5.580,-5.123,-3.932,-3.852,-3.356,-4.103,-3.702,-2.873,-3.471,-3.228,-2.497,-2.155,-2.384,-2.418,-2.468,-1.876,-2.253,-2.297,-1.899,-1.633,-1.852,-1.740,-1.379,-1.166,-1.426,-1.641,-0.900,-1.140,-1.320,-1.094,-0.550,-0.254,0.851,-0.269,4.799,109.017,896.825,1771.924,993.712,131.415,5.783,1.931,2.357,3.655,2.785,3.155,4.229,3.801,4.320,5.187,7.071,6.472,7.979,8.095,9.754,10.641,15.575,20.676,21.691,22.813,20.604,18.033,17.575,17.784,17.858,17.806,19.652,21.174,21.133,21.843,21.120,24.356,25.234,23.083,26.244,24.485,25.740,26.161,27.251,26.379,28.506,27.346,28.570,27.875,25.724,28.206,27.046,28.208,26.561,29.581,27.491,28.863,28.313,27.086,26.107,26.524,27.007,26.598,25.976,24.653,28.013,24.508,24.035,23.637,22.553,23.363,22.342,22.402,21.861,21.221,21.073,20.321,20.359,20.810,17.676,17.974,19.055,19.178,17.550,15.775,15.713,15.078,15.113,15.071,13.228,14.388,13.757,13.054,11.817,12.157,9.883,12.048,10.425,9.890,9.775,9.370,9.984,9.265,8.575,7.722,7.813,7.689,7.894,7.243,7.738,7.059,7.949,4.483,4.261,6.001,6.057,4.362,3.574,3.963,4.937,3.732,3.624,4.226,2.877,2.837,2.937,2.423,3.175,2.135,0.947,1.906,1.337,3.346,1.229,1.731,0.952,1.774,1.635,
335,-9.591,-6.921,-5.612,-4.467,-3.460,-4.093,-3.717,-2.984,-3.705,-2.635,-3.219,-2.470,-2.232,-2.572,-2.231,-2.354,-1.646,-2.357,-2.357,-1.707,-2.366,-2.294,-1.511,-1.747,-1.748,-1.841,-1.620,-1.491,-1.351,-1.381,-1.085,-0.485,-1.268,-0.677,0.095,-0.846,-0.385,-0.458,0.639,0.748,38.908,447.965,1523.081,1406.537,371.507,19.659,0.969,1.722,1.513,2.626,2.648,2.908,4.264,4.540,4.869,5.595,6.325,7.076,8.536,8.844,10.026,11.850,15.814,20.537,21.849,21.981,18.248,18.465,17.471,17.997,16.762,17.661,18.518,19.009,20.259,21.291,21.378,23.493,23.621,24.690,24.102,23.170,25.966,24.594,26.196,26.668,28.161,26.646,27.250,26.364,26.936,26.921,26.910,26.736,25.267,26.799,25.162,25.444,25.309,25.409,26.077,25.432,24.009,25.443,26.359,24.425,24.243,23.579,22.364,19.822,22.523,21.494,22.332,21.710,20.440,19.568,17.195,18.145,17.195,16.429,16.994,15.892,15.091,14.974,15.510,15.346,14.697,13.909,14.138,13.549,11.433,12.642,11.056,11.362,11.351,10.497,10.052,8.008,8.698,9.916,7.750,7.201,7.852,7.654,6.422,7.616,6.624,7.212,6.125,6.688,5.444,7.629,5.826,4.458,5.076,5.446,4.265,3.942,2.984,3.822,4.183,3.403,2.995,2.747,2.589,2.784,1.794,2.394,2.341,2.227,2.558,1.130,2.423,1.554,1.872,1.946,
340,-6.240,-6.325,-4.705,-4.642,-4.078,-3.336,-3.463,-3.117,-3.206,-2.667,-1.990,-2.627,-1.995,-2.031,-2.148,-1.617,-1.942,-1.437,-1.347,-1.612,-1.598,-1.778,-1.792,-1.748,-1.592,-1.647,-1.507,-1.201,-1.436,-1.202,-1.517,-0.902,-0.931,-0.605,-0.731,-0.758,-0.818,-0.165,-0.632,-0.416,-0.030,-0.011,3.405,127.246,849.077,1609.049,849.809,116.518,3.584,1.824,1.623,1.911,2.958,3.888,3.733,4.251,4.966,5.581,6.338,6.546,7.436,8.569,9.840,9.290,11.894,14.368,18.999,20.351,18.864,20.684,16.747,15.750,18.119,17.434,18.445,18.159,19.663,20.120,21.808,21.141,21.805,23.301,23.288,24.727,24.258,25.793,23.991,26.116,23.480,25.989,24.140,24.461,26.482,26.712,26.456,25.284,26.440,25.138,23.754,24.409,23.953,25.579,26.266,23.995,22.731,24.358,22.180,22.550,22.157,21.112,20.953,22.045,21.321,21.696,22.212,18.928,17.846,17.369,17.944,17.222,16.712,17.266,16.009,14.925,15.590,14.447,13.568,13.301,12.754,11.313,13.141,12.395,11.174,10.753,10.641,10.488,11.783,9.960,8.210,9.133,8.705,7.251,8.362,9.039,7.126,7.572,6.276,6.956,5.671,5.689,5.750,5.333,5.057,5.287,4.299,4.898,4.131,3.572,2.267,3.912,3.310,4.054,3.283,2.725,1.945,1.592,2.241,2.868,3.226,1.323,2.120,1.675,1.165,1.698,0.937,1.332,
345,-7.354,-4.143,-3.839,-4.571,-3.167,-3.594,-3.843,-3.037,-3.268,-2.437,-2.561,-1.978,-1.883,-2.202,-2.084,-2.017,-2.035,-1.497,-1.719,-1.524,-1.608,-1.182,-1.648,-1.364,-1.632,-1.585,-1.181,-1.420,-1.614,-1.409,-1.481,-1.012,-1.342,-1.127,-0.810,-1.106,-0.932,-0.813,-0.652,-0.596,-0.321,0.105,-0.221,-0.379,-0.101,31.854,404.446,1330.570,1226.016,292.666,16.024,2.126,1.754,2.300,2.120,2.662,3.061,3.964,4.521,5.788,5.684,5.819,7.414,8.086,9.262,10.060,11.680,12.059,14.155,17.347,19.873,20.108,18.683,17.485,16.394,18.484,16.868,18.243,18.642,21.259,19.917,20.294,22.466,21.343,22.407,23.798,23.099,24.205,24.188,23.388,23.413,22.681,24.389,24.307,23.795,24.477,25.471,22.946,22.842,24.582,23.589,24.078,23.413,22.820,22.835,23.787,22.039,23.041,21.573,20.416,19.193,20.828,18.642,18.666,18.446,17.671,17.754,18.095,17.554,16.296,16.792,16.799,14.774,15.534,13.585,16.157,12.341,13.525,14.540,12.542,11.465,11.584,11.073,10.548,11.215,10.084,10.943,7.981,8.272,8.575,8.692,8.813,8.722,7.235,7.599,7.149,7.864,6.424,6.289,6.138,5.076,5.823,5.092,4.209,5.048,4.684,4.592,4.049,4.585,3.984,3.108,3.997,3.232,2.628,2.368,2.917,3.189,2.630,2.639,2.422,1.653,1.547,0.627,1.149,1.184,0.594,
350,-5.572,-4.929,-2.572,-3.630,-3.290,-2.852,-2.993,-2.397,-2.044,-2.816,-2.585,-2.447,-1.538,-1.761,-2.055,-1.819,-2.016,-1.775,-1.408,-1.652,-1.247,-1.505,-1.297,-1.666,-1.697,-1.169,-1.316,-1.135,-0.907,-1.042,-0.841,-1.231,-1.227,-0.824,-0.894,-1.152,-0.911,-0.995,-0.670,-0.786,-0.628,-0.257,-0.785,-0.310,-0.440,-0.339,0.129,5.390,173.000,962.155,1445.003,565.660,52.105,2.220,1.788,1.807,2.248,2.088,3.702,3.113,4.902,4.817,6.374,6.175,6.941,7.559,8.690,9.083,9.575,10.168,10.828,13.531,17.188,17.919,19.616,17.307,16.659,16.312,16.219,17.558,17.224,20.599,19.015,18.239,19.388,21.766,21.726,20.675,20.623,21.306,21.902,23.046,22.506,23.121,21.672,23.801,22.294,19.630,21.032,23.375,21.778,22.562,21.772,21.065,21.113,20.530,20.645,20.794,20.446,20.529,19.047,18.488,18.562,17.408,18.531,20.900,16.326,17.720,15.411,16.397,15.771,14.320,15.320,14.950,13.863,14.080,13.128,14.011,12.052,11.445,11.127,11.719,10.333,11.088,9.359,11.529,9.396,9.818,9.495,9.486,8.214,7.595,7.899,7.950,7.909,6.561,6.251,7.034,5.593,5.908,6.112,6.671,5.213,4.019,4.564,3.994,5.094,4.024,4.563,4.213,3.412,3.055,3.283,3.668,2.714,2.693,1.925,2.375,2.171,2.225,1.841,1.813,0.916,1.099,1.321,2.376,
355,-5.336,-5.437,-4.879,-3.310,-3.379,-2.567,-2.834,-2.778,-1.701,-2.497,-1.868,-2.129,-1.797,-1.912,-1.462,-1.540,-1.754,-1.159,-1.483,-1.629,-1.689,-1.339,-1.358,-1.387,-0.955,-1.083,-1.145,-1.001,-1.110,-1.179,-0.904,-1.357,-1.093,-0.779,-0.851,-1.316,-0.937,-0.666,-0.618,-0.742,-0.599,-0.252,-0.419,-0.366,-0.589,-0.593,-0.528,-0.257,0.071,0.835,28.968,430.794,1254.337,1108.669,245.361,14.717,2.001,1.593,2.597,2.376,3.129,3.630,3.754,4.668,4.842,5.559,6.265,5.928,6.724,7.040,8.372,9.359,10.400,10.538,13.221,15.159,19.058,18.100,18.954,16.751,16.479,15.890,16.444,16.186,17.194,17.798,17.845,18.303,17.508,18.976,20.822,20.509,18.624,18.690,19.942,20.124,21.299,21.410,22.467,20.935,20.399,21.201,20.001,20.694,20.107,20.253,19.875,20.214,19.126,19.072,20.997,17.627,17.443,17.511,18.189,17.130,16.471,16.099,16.131,14.884,14.230,14.046,15.372,13.575,12.737,15.257,12.599,12.230,11.347,11.641,11.656,11.671,9.924,10.044,9.480,9.252,9.469,8.826,9.338,8.028,8.275,8.040,7.521,7.708,6.332,6.408,6.591,6.593,4.938,6.240,4.920,6.027,5.689,5.626,4.192,5.139,4.333,4.446,2.643,3.799,3.480,2.983,3.123,3.486,3.549,3.271,2.310,2.756,2.123,2.008,1.680,2.695,1.801,1.461,1.649,0.943,
360,-3.952,-2.854,-3.299,-3.029,-2.396,-2.542,-2.497,-2.574,-1.849,-2.237,-1.942,-1.462,-1.432,-1.577,-1.875,-1.298,-1.719,-1.568,-1.281,-1.335,-1.131,-1.202,-1.034,-1.214,-1.099,-1.092,-0.755,-0.823,-1.174,-0.719,-0.753,-1.174,-0.788,-0.872,-0.904,-0.744,-0.661,-0.711,-0.649,-0.689,-0.791,-0.537,-0.195,-0.519,-0.485,-0.474,-0.407,-0.380,-0.127,-0.269,0.313,0.053,6.497,139.893,847.867,1322.375,606.972,70.000,2.956,1.711,1.986,2.632,2.566,2.675,2.684,4.008,4.936,4.416,5.280,6.166,6.695,7.065,6.725,7.981,9.091,10.596,10.983,13.095,13.741,15.850,17.374,16.044,17.266,15.653,15.185,15.687,16.496,16.247,16.368,15.718,18.347,16.531,16.059,16.990,18.003,20.307,18.446,19.875,18.963,18.677,18.679,18.224,18.636,18.595,19.255,20.238,18.141,18.076,19.172,16.849,17.583,17.350,16.249,16.848,17.077,16.410,14.004,15.783,14.347,13.185,14.445,14.521,12.836,12.676,14.032,13.410,13.830,12.763,11.271,11.757,12.492,10.122,10.566,10.349,9.682,9.022,8.335,9.151,8.216,7.476,9.033,7.553,8.297,6.918,5.785,5.919,6.349,5.752,5.635,5.892,4.463,5.573,4.489,5.249,4.034,4.510,4.067,3.661,4.128,2.824,3.380,2.994,2.482,3.567,1.602,3.447,2.311,1.268,1.267,1.921,1.407,1.971,1.983,1.987,2.015,0.614,
365,-3.937,-4.238,-2.044,-2.073,-2.052,-2.515,-2.412,-2.546,-1.382,-1.327,-1.959,-1.219,-1.333,-1.711,-1.573,-1.443,-1.141,-1.243,-1.118,-0.900,-1.306,-1.369,-1.200,-0.889,-1.376,-1.179,-1.017,-0.891,-1.185,-0.647,-0.898,-1.040,-0.879,-0.819,-0.822,-0.774,-0.671,-0.781,-0.601,-0.420,-0.722,-0.841,-0.394,-0.570,-0.330,-0.386,-0.428,-0.259,-0.499,-0.305,-0.386,0.039,-0.351,-0.336,1.016,38.443,338.543,1167.157,1034.589,238.996,10.731,1.787,1.933,1.944,1.963,2.285,3.164,3.963,3.377,4.451,4.532,4.944,6.387,5.811,6.407,7.663,8.256,8.587,10.197,10.699,12.356,12.111,15.896,16.227,16.265,15.917,14.836,14.702,15.169,14.547,15.774,15.557,16.621,15.462,15.424,15.593,16.913,15.977,17.071,16.425,17.348,15.849,16.793,16.842,16.140,16.822,16.795,18.526,16.587,16.114,16.076,16.292,15.097,15.455,16.010,15.517,14.629,14.944,14.853,14.326,13.253,13.594,11.920,11.752,12.881,12.512,11.839,11.430,10.227,10.590,10.610,11.176,10.118,8.522,8.207,8.396,8.412,7.794,8.434,8.539,8.318,6.544,6.922,7.215,6.637,7.076,4.911,5.880,6.492,5.407,4.907,5.081,3.919,4.420,5.065,4.534,3.890,3.311,3.170,3.763,3.460,3.359,3.424,3.808,2.190,2.511,2.819,1.978,2.608,2.000,2.092,1.035,1.084,1.716,1.310,0.775,
370,-3.097,-4.294,-3.338,-2.960,-2.026,-2.514,-2.614,-2.377,-1.577,-1.593,-1.917,-1.616,-1.754,-1.072,-1.553,-1.561,-0.634,-1.546,-1.170,-0.608,-1.061,-1.201,-0.951,-1.103,-0.854,-0.913,-1.084,-1.083,-0.430,-1.004,-0.846,-1.030,-0.893,-0.786,-0.750,-0.831,-0.629,-0.660,-0.699,-0.857,-0.982,-0.624,-0.575,-0.896,-0.814,-0.460,-0.405,-0.353,-0.154,-0.497,-0.350,-0.094,0.057,-0.194,-0.068,-0.029,0.062,4.193,107.350,673.433,1234.252,652.568,94.451,3.518,2.255,1.810,2.167,2.085,2.807,3.446,3.302,4.128,3.958,4.034,4.796,5.582,5.889,6.445,7.025,6.911,8.088,9.261,10.270,10.250,11.986,12.744,14.636,15.630,14.188,15.290,13.273,13.239,13.442,14.288,13.321,13.342,14.260,14.628,15.495,15.247,15.732,14.849,16.081,15.624,15.482,15.575,15.545,14.766,15.931,15.134,14.478,13.827,13.929,14.744,14.416,13.119,13.439,13.202,12.078,14.839,12.951,12.807,11.118,11.628,11.868,11.996,10.315,10.509,10.706,9.922,10.348,9.866,10.450,9.098,7.947,8.133,7.500,7.793,8.767,7.583,7.269,6.242,6.836,6.314,6.349,5.895,5.330,5.717,5.869,4.955,4.406,4.042,5.622,4.834,5.521,3.312,3.731,3.831,3.064,2.463,3.029,4.175,2.828,2.511,1.973,2.785,1.481,1.856,2.120,2.066,1.529,1.915,1.633,1.119,1.628,0.728,
375,-5.136,-3.565,-3.195,-2.595,-2.454,-2.316,-2.521,-2.153,-2.580,-1.577,-1.354,-1.481,-1.601,-1.047,-1.610,-1.202,-1.470,-1.346,-1.085,-1.147,-1.212,-1.135,-1.354,-1.169,-1.103,-0.930,-1.057,-0.991,-0.634,-0.848,-0.779,-0.716,-0.927,-0.611,-0.755,-0.794,-0.801,-0.881,-0.600,-0.711,-0.570,-0.661,-0.651,-0.663,-0.728,-0.550,-0.483,-0.312,-0.449,-0.626,-0.326,-0.313,-0.329,-0.373,-0.188,-0.136,-0.175,-0.187,-0.110,0.894,39.908,337.276,1047.280,912.448,231.445,12.940,1.172,0.994,1.785,1.519,1.797,2.622,2.558,3.521,3.360,4.485,4.471,5.430,5.104,6.146,6.635,7.239,6.668,8.269,7.864,9.594,9.159,11.284,12.022,12.115,13.862,13.661,12.294,12.349,12.398,12.488,12.784,13.435,13.986,12.771,13.483,13.941,13.949,13.460,13.965,14.535,13.393,12.922,13.787,13.599,12.807,12.481,13.451,13.441,13.536,13.274,11.161,13.397,12.060,11.756,13.068,12.664,11.913,11.897,11.434,10.822,10.919,9.566,10.451,9.188,9.924,8.924,8.221,8.833,8.417,9.151,9.056,7.561,7.429,7.517,6.432,7.990,6.766,7.166,5.931,6.618,6.503,5.173,6.312,4.600,4.575,5.608,4.615,4.593,4.451,4.217,3.937,3.688,4.066,3.652,2.006,3.440,3.996,3.089,2.296,2.315,2.107,1.944,2.160,1.633,1.947,1.508,1.040,1.339,1.740,1.722,
380,-4.071,-3.776,-3.426,-3.007,-2.556,-2.558,-1.812,-1.632,-1.653,-1.796,-0.809,-1.578,-1.498,-1.306,-1.458,-1.148,-0.764,-1.133,-1.264,-1.067,-1.109,-1.104,-1.096,-0.869,-1.029,-0.746,-1.291,-0.838,-1.104,-0.879,-0.941,-0.912,-0.624,-0.844,-0.827,-0.775,-0.809,-0.604,-0.679,-0.658,-0.795,-0.749,-0.757,-0.902,-0.953,-0.648,-0.655,-0.677,-0.444,-0.812,-0.652,-0.364,-0.534,-0.368,-0.157,-0.194,-0.125,-0.068,-0.038,-0.046,0.070,0.163,4.434,139.295,674.247,1129.148,531.120,63.511,2.171,1.221,1.520,1.318,1.932,2.273,2.355,2.688,2.877,3.378,3.792,4.443,4.898,5.661,5.733,6.138,6.904,6.628,7.715,7.681,8.189,9.644,9.018,9.693,12.341,12.656,12.302,11.461,11.434,12.119,11.643,11.055,12.156,12.757,11.166,11.977,11.759,11.910,11.976,12.582,12.434,11.174,12.194,11.861,12.266,11.782,12.081,11.511,12.319,10.897,10.990,10.808,10.920,11.462,10.704,10.664,9.854,9.752,10.140,9.548,9.296,9.117,8.018,7.650,8.831,7.751,9.615,8.361,7.627,7.387,7.679,7.227,6.782,6.062,6.217,6.063,5.277,5.236,5.403,5.057,4.067,4.863,4.572,3.831,4.176,4.433,4.146,3.528,3.146,3.674,3.756,2.986,2.068,3.146,3.000,3.548,2.258,1.806,1.493,2.524,1.956,2.001,1.131,1.933,1.684,1.246,1.712,0.928,
385,-4.419,-3.486,-3.513,-3.062,-2.647,-2.018,-2.572,-1.985,-2.160,-1.692,-1.775,-1.838,-1.176,-0.547,-1.418,-0.975,-1.691,-1.176,-1.484,-1.302,-1.165,-1.074,-0.974,-0.609,-0.898,-0.977,-0.828,-1.156,-0.773,-0.918,-1.022,-0.818,-0.823,-0.723,-0.610,-0.705,-0.842,-0.844,-0.544,-0.602,-0.871,-0.798,-0.761,-0.795,-0.286,-0.657,-0.686,-0.377,-0.627,-0.674,-0.428,-0.366,-0.479,-0.382,-0.025,-0.235,-0.397,-0.289,-0.326,-0.379,0.151,-0.105,-0.196,0.261,0.486,20.452,303.666,956.723,969.889,267.286,18.512,1.026,1.350,1.454,1.335,2.017,1.611,2.078,2.613,2.741,3.072,3.262,3.982,4.207,5.094,5.308,5.263,5.325,6.582,6.274,6.683,7.136,8.744,8.902,8.418,8.913,10.880,11.174,10.965,10.602,10.975,9.941,10.965,10.284,10.561,8.880,10.949,10.013,9.962,10.978,10.014,10.522,10.235,10.660,10.678,11.119,9.990,10.998,9.121,10.092,9.423,9.652,8.961,9.102,9.952,9.121,9.381,7.339,7.881,8.312,8.325,7.555,7.370,5.963,6.484,6.478,7.246,5.398,6.518,6.818,6.164,6.116,5.940,5.646,5.533,4.643,4.657,5.032,3.894,4.696,4.623,3.786,4.214,2.615,3.318,3.000,3.287,3.313,3.113,3.181,2.516,2.248,1.588,2.272,2.181,1.984,1.345,2.413,1.982,1.204,1.525,2.012,1.332,1.080,0.839,1.199,
390,-3.565,-3.310,-3.063,-2.645,-2.246,-2.202,-1.837,-1.980,-1.596,-0.991,-1.958,-1.128,-1.513,-1.113,-1.108,-1.101,-1.026,-1.399,-1.266,-1.068,-0.914,-0.978,-1.098,-0.850,-0.980,-1.046,-0.886,-0.860,-0.993,-0.573,-1.002,-0.815,-0.879,-0.768,-0.831,-0.660,-0.780,-0.778,-0.665,-0.713,-0.821,-0.747,-0.753,-0.779,-0.371,-0.473,-0.551,-0.471,-0.605,-0.541,-0.601,-0.587,-0.554,-0.332,-0.278,-0.419,-0.350,-0.504,-0.152,-0.406,-0.290,-0.109,-0.247,-0.060,-0.000,-0.044,0.129,4.449,106.465,642.271,1079.459,546.192,62.134,2.439,1.178,1.072,1.124,1.494,1.830,2.104,2.262,2.390,2.281,3.389,3.227,3.418,4.054,3.672,3.948,4.811,5.542,5.489,5.924,5.390,7.555,6.919,7.529,6.990,9.407,10.272,9.693,9.973,10.487,9.244,8.722,8.026,8.485,8.324,9.374,7.864,8.681,8.787,9.736,9.067,8.489,8.082,8.278,8.868,8.727,9.404,7.883,8.128,7.336,8.371,8.054,8.027,7.335,7.219,6.865,6.833,6.687,6.104,6.730,6.550,6.701,6.513,7.129,5.827,5.742,5.419,4.894,5.657,5.336,5.310,4.898,3.712,4.326,4.515,3.412,4.603,4.539,4.013,3.587,3.380,3.527,4.118,2.923,2.686,2.436,2.438,2.289,2.541,1.650,2.493,2.390,1.334,2.004,1.602,1.664,1.386,0.568,1.629,1.045,1.619,1.206,1.177,
395,-4.421,-3.690,-2.039,-2.225,-2.085,-1.494,-1.884,-2.029,-1.701,-1.668,-1.689,-1.463,-0.902,-1.134,-0.897,-1.106,-0.952,-1.225,-1.006,-1.122,-0.950,-0.961,-1.099,-1.052,-0.712,-0.831,-0.667,-0.821,-0.747,-0.791,-0.728,-0.828,-0.587,-0.417,-0.820,-0.847,-0.651,-0.485,-0.656,-0.790,-0.263,-0.610,-0.637,-0.671,-0.652,-0.771,-0.618,-0.553,-0.313,-0.383,-0.658,-0.301,-0.534,-0.384,-0.334,-0.455,-0.368,-0.387,-0.449,-0.422,-0.213,0.012,-0.355,-0.282,-0.141,-0.191,-0.156,-0.091,0.004,1.036,25.498,277.438,932.075,884.361,218.501,10.316,1.114,1.276,1.163,0.947,1.525,1.658,2.014,2.124,1.881,2.538,2.499,2.714,2.914,3.014,3.730,4.158,4.565,4.457,4.765,4.841,5.107,5.419,5.850,6.527,7.072,7.383,7.989,8.703,8.125,7.606,7.637,7.545,6.990,6.495,7.641,7.381,7.113,7.142,7.914,8.094,7.456,7.082,7.866,7.028,6.992,6.457,6.411,7.212,6.849,6.661,7.380,6.230,6.537,6.272,6.340,6.449,5.775,5.926,6.412,5.031,5.245,4.707,4.478,4.905,5.026,3.853,4.974,4.569,4.600,4.555,4.823,3.410,4.704,3.318,3.750,3.714,2.883,2.557,3.023,2.077,1.810,2.070,2.007,2.173,2.796,2.037,2.468,2.086,1.635,1.607,1.340,1.107,1.011,1.495,1.483,0.821,0.621,0.284,0.647,0.298,
400,-3.599,-3.203,-2.232,-2.807,-2.356,-1.638,-1.792,-1.394,-1.302,-1.571,-0.977,-1.200,-1.080,-0.957,-1.246,-1.294,-1.059,-1.124,-0.689,-0.935,-0.888,-0.934,-0.893,-0.546,-0.725,-0.776,-0.752,-0.542,-0.691,-0.882,-0.543,-0.514,-0.769,-0.567,-0.696,-0.731,-0.703,-0.577,-0.612,-0.675,-0.502,-0.527,-0.666,-0.451,-0.341,-0.452,-0.466,-0.628,-0.506,-0.514,-0.448,-0.384,-0.307,-0.448,-0.304,-0.466,-0.253,-0.501,-0.454,-0.312,-0.381,-0.325,-0.188,-0.236,-0.173,-0.279,-0.341,-0.224,0.082,-0.176,0.180,0.012,4.174,79.793,547.798,982.068,514.861,64.860,2.095,0.880,1.337,0.878,1.036,1.197,1.348,1.510,1.962,1.528,1.734,2.347,2.818,2.899,2.874,3.433,3.414,4.426,3.536,4.278,4.064,4.804,5.045,5.031,4.784,5.719,6.210,7.048,6.271,8.016,7.019,6.841,6.502,6.191,6.747,5.728,5.631,6.735,6.737,6.553,5.943,5.959,6.226,5.806,5.910,5.643,5.537,6.000,5.644,5.174,5.489,4.630,5.433,4.953,5.249,4.881,4.901,5.016,4.633,4.756,5.105,4.319,4.343,4.038,4.071,4.286,4.066,3.364,3.968,3.081,3.844,3.029,3.542,2.744,2.335,2.719,2.879,2.925,2.545,1.993,2.058,2.320,2.255,2.131,1.997,1.437,1.687,1.332,1.247,1.200,1.403,1.060,0.449,0.592,0.874,1.800,0.285,0.938,
405,-3.169,-2.072,-2.537,-2.160,-1.621,-1.153,-2.018,-1.530,-1.741,-0.976,-1.613,-1.482,-1.178,-1.172,-0.983,-1.057,-1.109,-0.974,-0.852,-0.854,-0.841,-0.935,-0.844,-0.926,-0.924,-0.667,-0.784,-0.896,-0.694,-0.857,-0.732,-0.741,-0.802,-0.627,-0.474,-0.802,-0.668,-0.472,-0.255,-0.371,-0.591,-0.563,-0.467,-0.575,-0.599,-0.459,-0.407,-0.487,-0.436,-0.491,-0.509,-0.457,-0.328,-0.577,-0.477,-0.359,-0.388,-0.438,-0.328,-0.300,-0.222,-0.390,-0.179,-0.272,-0.149,-0.398,-0.062,-0.149,-0.083,-0.282,-0.189,-0.131,-0.198,-0.001,0.922,35.198,299.176,867.494,688.714,148.551,6.178,1.056,1.033,0.764,1.144,1.501,1.050,1.069,1.477,1.883,1.985,2.214,2.514,2.759,2.829,2.856,3.277,3.513,4.064,4.030,4.246,4.419,4.038,4.164,4.834,5.337,5.509,5.791,6.567,7.170,7.247,6.620,6.873,6.517,5.936,5.267,6.687,5.422,6.668,7.061,5.862,5.653,5.857,5.856,5.704,5.781,5.600,6.085,5.707,5.136,5.451,6.108,5.274,4.846,4.827,4.236,4.729,4.147,4.092,4.134,4.566,4.071,4.158,3.853,3.105,2.950,3.456,2.888,3.319,3.024,2.809,2.212,3.216,2.317,2.550,3.321,2.046,1.465,1.859,2.059,2.362,2.491,1.538,1.850,1.008,1.742,1.340,1.437,1.185,1.388,1.103,0.834,1.641,1.229,1.044,0.773,
410,-3.122,-3.420,-2.783,-1.640,-2.326,-1.531,-1.908,-1.520,-1.322,-1.200,-1.285,-1.372,-0.936,-0.806,-0.915,-1.136,-1.086,-0.988,-0.822,-0.904,-0.543,-0.819,-0.645,-1.002,-0.436,-0.832,-0.544,-0.755,-0.702,-0.823,-0.620,-0.761,-0.645,-0.733,-0.505,-0.437,-0.480,-0.573,-0.611,-0.571,-0.369,-0.362,-0.521,-0.446,-0.443,-0.265,-0.319,-0.561,-0.387,-0.345,-0.429,-0.167,-0.443,-0.237,-0.362,-0.472,-0.367,-0.423,-0.534,-0.475,-0.438,-0.331,-0.221,-0.157,-0.308,-0.359,-0.190,-0.217,-0.259,-0.256,-0.149,-0.319,0.050,-0.231,0.123,0.087,-0.097,4.856,123.456,602.417,880.734,351.500,35.068,0.892,0.698,0.829,1.209,0.975,1.184,1.301,1.946,1.856,1.498,2.224,2.410,2.210,2.609,3.205,3.029,3.452,3.790,4.206,3.803,4.171,4.097,4.262,4.662,4.604,5.188,5.856,5.405,6.166,6.083,6.713,6.644,6.148,6.140,5.870,5.840,4.738,5.878,5.500,5.199,5.335,5.617,5.112,5.006,4.656,5.354,5.652,4.886,4.991,4.868,4.038,4.482,4.874,4.723,4.239,4.810,3.870,4.658,3.466,4.064,3.364,4.181,4.350,2.715,4.138,3.506,3.925,3.060,2.501,2.478,1.980,2.685,2.044,1.708,1.731,2.063,1.678,1.959,2.132,1.669,2.166,1.697,1.136,1.551,1.799,1.212,0.835,0.847,1.029,1.306,1.399,1.071,1.140,
415,-3.554,-2.576,-2.352,-2.573,-2.254,-2.051,-1.955,-1.880,-1.687,-1.435,-1.582,-1.066,-1.370,-0.919,-1.204,-1.061,-0.666,-1.118,-0.817,-1.165,-0.884,-0.645,-1.023,-0.589,-0.918,-0.681,-0.882,-0.837,-0.719,-0.261,-0.632,-0.821,-0.557,-0.362,-0.631,-0.628,-0.677,-0.586,-0.485,-0.446,-0.618,-0.289,-0.341,-0.534,-0.238,-0.226,-0.519,-0.220,-0.264,-0.461,-0.507,-0.202,-0.453,-0.396,-0.382,-0.383,-0.235,-0.513,-0.304,-0.387,-0.318,-0.061,-0.361,-0.391,-0.205,-0.275,-0.376,-0.240,-0.258,-0.348,-0.254,-0.170,-0.342,-0.177,-0.214,-0.238,-0.139,-0.014,-0.184,0.601,27.325,302.973,768.590,604.019,125.805,6.662,0.655,1.031,1.345,1.162,1.128,1.291,1.473,1.638,1.728,2.067,2.319,2.332,2.774,2.496,3.074,3.063,3.316,3.452,3.699,3.763,4.713,4.088,3.986,4.415,4.165,4.440,5.157,5.498,5.849,5.775,5.930,6.413,6.867,5.344,5.380,5.500,4.775,4.890,5.546,4.864,4.727,5.314,5.248,4.981,5.021,4.558,4.846,5.067,3.630,4.589,4.503,4.095,5.074,4.519,4.388,4.650,4.081,3.934,3.145,3.389,2.809,2.839,2.867,2.749,3.373,2.979,2.827,2.088,3.259,1.850,2.257,2.541,2.402,2.260,1.932,1.493,1.891,1.150,1.374,1.481,1.467,1.281,1.224,1.394,1.257,1.496,1.425,0.895,1.179,0.815,
420,-4.120,-2.678,-2.241,-2.107,-2.286,-1.217,-1.565,-1.696,-1.426,-1.473,-0.869,-1.243,-1.129,-0.723,-0.711,-0.989,-0.937,-1.031,-0.730,-0.944,-0.915,-0.792,-0.828,-0.854,-0.540,-0.810,-0.647,-0.743,-0.579,-0.599,-0.602,-0.623,-0.615,-0.576,-0.374,-0.264,-0.527,-0.392,-0.364,-0.413,-0.334,-0.517,-0.377,-0.579,-0.306,-0.327,-0.476,-0.310,-0.292,-0.441,-0.246,-0.472,-0.360,-0.383,-0.271,-0.335,-0.372,-0.347,-0.337,-0.337,-0.157,-0.376,-0.365,-0.192,-0.167,-0.202,-0.287,-0.190,-0.124,-0.385,-0.145,-0.184,-0.248,-0.362,-0.163,0.037,-0.153,-0.286,-0.146,-0.147,0.080,0.280,7.406,129.345,566.495,709.678,237.266,17.846,1.186,0.827,0.902,1.036,1.261,1.318,0.908,1.658,1.573,1.580,1.611,1.857,1.683,2.390,2.298,2.825,2.916,2.878,3.522,3.258,3.502,4.127,3.324,3.934,3.573,3.793,4.286,4.405,4.473,4.546,5.029,5.145,6.249,5.440,4.797,4.673,4.978,4.377,4.318,3.958,4.340,4.820,4.476,4.140,4.766,4.067,4.626,4.095,3.520,3.675,3.703,3.176,3.236,4.247,3.478,3.624,3.775,3.657,3.233,3.266,2.752,2.977,2.314,2.274,2.443,2.396,2.135,1.979,2.542,1.970,1.996,2.616,1.973,1.501,1.654,1.899,1.667,1.230,0.687,1.185,0.853,1.570,0.703,0.974,0.973,1.164,1.344,0.645,
425,-2.925,-2.271,-2.097,-1.992,-1.749,-1.618,-1.606,-1.374,-1.202,-1.053,-1.331,-0.858,-0.965,-0.894,-0.962,-0.960,-1.078,-0.874,-0.831,-0.735,-0.582,-0.779,-0.668,-0.774,-0.574,-0.647,-0.587,-0.739,-0.557,-0.653,-0.746,-0.646,-0.701,-0.667,-0.515,-0.345,-0.745,-0.653,-0.435,-0.483,-0.539,-0.451,-0.517,-0.275,-0.305,-0.473,-0.336,-0.441,-0.164,-0.292,-0.320,-0.276,-0.344,-0.396,-0.468,-0.188,-0.340,-0.297,-0.466,-0.301,-0.234,-0.244,-0.267,-0.238,-0.275,-0.345,-0.213,-0.259,-0.401,-0.214,-0.368,-0.251,-0.162,-0.292,-0.135,0.035,-0.280,-0.112,-0.260,-0.127,-0.061,-0.283,0.320,0.092,1.010,29.064,261.981,623.207,454.179,80.460,3.396,0.921,0.750,0.694,0.925,1.023,1.009,1.081,0.989,0.989,1.513,1.743,2.237,1.967,2.451,2.053,2.082,2.593,2.748,2.667,2.794,3.371,3.768,3.002,3.375,3.634,3.805,3.446,4.299,4.054,3.650,5.107,4.131,4.896,5.365,4.572,4.247,4.390,3.838,4.102,3.738,3.690,3.615,3.225,2.987,3.672,4.258,2.989,3.282,3.232,3.537,2.352,3.082,3.133,2.864,3.419,2.841,2.726,2.771,2.046,2.203,2.060,2.252,1.502,1.861,1.917,2.018,1.722,1.591,1.530,1.558,2.033,1.519,1.198,1.131,1.437,1.158,0.838,0.697,1.196,0.974,0.648,0.869,0.587,0.629,1.062,
430,-2.096,-2.613,-1.553,-1.649,-1.399,-1.486,-0.917,-1.665,-0.896,-1.185,-1.153,-0.992,-0.971,-0.933,-0.692,-0.648,-0.912,-1.004,-0.642,-0.799,-0.961,-0.864,-0.694,-0.636,-0.762,-0.595,-0.312,-0.482,-0.705,-0.736,-0.493,-0.642,-0.433,-0.673,-0.418,-0.454,-0.415,-0.410,-0.333,-0.317,-0.572,-0.322,-0.181,-0.164,-0.237,-0.415,-0.436,-0.267,-0.238,-0.433,-0.338,-0.304,-0.445,-0.401,-0.511,-0.336,-0.397,-0.334,-0.172,-0.277,-0.253,-0.364,-0.330,-0.276,-0.166,-0.371,-0.354,-0.407,-0.321,-0.269,-0.241,-0.316,-0.334,-0.232,-0.207,-0.216,-0.137,-0.145,-0.215,-0.273,-0.287,-0.330,-0.222,-0.214,-0.027,-0.007,0.243,5.605,77.270,387.954,531.080,226.529,21.772,1.088,0.444,0.737,0.783,0.746,0.711,1.171,1.023,1.198,1.274,1.579,1.604,1.710,1.968,1.829,1.987,2.461,2.542,2.720,2.367,2.629,2.751,3.037,2.642,3.201,2.671,2.850,3.173,2.761,3.505,3.344,3.456,3.801,3.618,4.012,3.562,3.650,3.837,3.538,3.532,2.620,3.218,3.331,3.066,3.208,3.013,2.883,2.833,3.125,2.406,3.047,2.610,2.592,2.491,2.788,2.514,2.433,2.449,2.255,2.764,2.056,1.865,1.369,1.389,1.671,1.613,1.931,1.598,1.241,1.616,1.298,1.115,0.963,1.021,1.571,1.210,0.824,0.954,1.205,0.527,1.292,0.341,0.504,
435,-3.064,-2.077,-2.520,-1.766,-1.669,-1.240,-1.211,-0.956,-1.544,-1.046,-1.009,-0.490,-0.928,-1.025,-0.954,-0.851,-0.768,-0.793,-0.857,-0.558,-0.765,-0.599,-0.593,-0.657,-0.650,-0.638,-0.644,-0.559,-0.542,-0.634,-0.533,-0.507,-0.438,-0.366,-0.397,-0.636,-0.421,-0.282,-0.420,-0.321,-0.441,-0.326,-0.345,-0.297,-0.396,-0.357,-0.410,-0.347,-0.398,-0.369,-0.356,-0.321,-0.305,-0.255,-0.282,-0.234,-0.261,-0.308,-0.380,-0.350,-0.326,-0.177,-0.196,-0.323,-0.362,-0.397,-0.222,-0.282,-0.377,-0.232,-0.171,-0.148,-0.359,-0.313,-0.209,-0.142,-0.240,-0.164,-0.227,-0.288,-0.163,-0.236,-0.030,-0.108,-0.151,-0.196,-0.018,0.004,0.040,0.849,27.222,190.476,480.096,334.204,68.560,3.211,0.568,0.537,0.875,0.704,0.783,0.864,0.940,1.032,1.033,1.158,2.278,1.308,1.652,1.621,1.779,2.024,2.256,1.960,2.054,2.287,2.581,2.401,2.357,2.059,2.908,2.907,2.336,2.369,3.045,2.795,3.542,3.477,3.456,3.709,4.265,3.095,3.412,2.763,2.833,2.800,2.508,2.870,2.614,2.610,2.503,2.153,2.682,2.773,2.322,2.037,2.369,2.360,2.127,2.021,2.290,2.100,2.087,2.286,1.921,1.592,1.735,1.726,1.312,1.522,1.936,1.782,1.504,1.638,1.039,1.038,1.104,0.976,1.232,1.329,0.627,0.982,0.760,0.746,0.699,0.897,
440,-2.272,-1.997,-2.081,-1.122,-1.383,-1.238,-1.315,-1.353,-1.369,-0.889,-0.945,-0.896,-0.703,-0.891,-0.657,-0.634,-0.744,-0.490,-0.598,-0.632,-0.673,-0.591,-0.618,-0.571,-0.493,-0.385,-0.495,-0.605,-0.410,-0.437,-0.580,-0.562,-0.444,-0.478,-0.077,-0.480,-0.318,-0.325,-0.371,-0.346,-0.357,-0.323,-0.421,-0.197,-0.146,-0.223,-0.261,-0.365,-0.222,-0.307,-0.384,-0.258,-0.262,-0.251,-0.297,-0.371,-0.120,-0.281,-0.166,-0.107,-0.171,-0.193,-0.290,-0.126,-0.324,-0.257,-0.248,-0.168,-0.201,-0.342,-0.254,-0.296,-0.104,-0.156,-0.165,-0.249,-0.290,-0.265,-0.224,-0.186,-0.060,-0.062,-0.155,-0.226,-0.196,-0.228,-0.149,-0.026,-0.092,-0.018,-0.150,-0.109,3.600,69.523,301.896,438.579,174.224,18.567,1.070,0.491,0.528,0.624,0.608,0.962,0.887,0.931,0.893,0.971,1.619,1.070,1.409,1.846,1.493,1.810,1.447,2.127,2.633,1.795,2.313,1.923,2.188,2.503,2.474,2.416,2.447,2.059,2.344,2.410,2.231,2.384,2.491,2.910,3.002,3.229,2.997,3.117,3.004,2.706,1.752,2.235,2.194,2.713,1.986,2.407,2.189,1.940,2.058,1.844,1.961,1.779,2.243,1.813,1.483,2.055,1.596,1.421,1.085,1.011,1.643,1.434,1.178,1.037,0.921,1.284,1.032,0.906,1.030,1.260,0.863,1.361,0.386,0.658,0.783,0.796,0.575,0.231,
445,-2.458,-1.983,-1.867,-1.358,-1.410,-1.182,-1.372,-1.030,-1.338,-1.007,-1.051,-0.834,-0.972,-0.725,-0.664,-0.897,-0.618,-0.662,-0.602,-0.633,-0.405,-0.702,-0.599,-0.503,-0.630,-0.544,-0.557,-0.446,-0.527,-0.465,-0.494,-0.310,-0.423,-0.277,-0.531,-0.345,-0.230,-0.349,-0.291,-0.409,-0.343,-0.036,-0.131,-0.371,-0.303,-0.227,-0.215,-0.269,-0.181,-0.205,-0.269,-0.208,-0.225,-0.334,-0.294,-0.327,-0.206,-0.253,-0.325,-0.305,-0.261,-0.255,-0.376,-0.281,-0.367,-0.118,-0.213,-0.173,-0.240,-0.212,-0.049,-0.239,-0.196,-0.226,-0.198,-0.253,-0.237,-0.123,-0.101,-0.279,-0.232,-0.187,-0.182,-0.084,-0.059,-0.102,-0.210,-0.099,-0.027,-0.106,-0.198,-0.036,-0.072,-0.075,0.310,14.605,144.300,379.694,319.816,73.497,4.463,0.591,0.613,0.528,0.595,0.966,0.690,0.832,0.780,0.968,0.639,1.009,1.143,1.357,1.271,1.608,1.652,1.450,1.813,1.675,1.457,1.900,1.962,2.084,2.109,1.947,2.271,2.084,1.793,2.132,2.558,1.919,2.230,2.571,2.768,2.738,2.579,2.554,2.501,1.869,2.554,2.321,1.839,1.599,1.871,1.781,1.875,1.178,1.941,1.902,1.626,1.701,1.790,1.572,1.584,1.412,1.640,1.413,1.035,1.436,1.413,0.902,1.193,0.749,1.102,1.007,0.798,0.659,0.701,1.014,1.202,0.408,0.370,0.191,0.381,0.394,
450,-2.876,-1.987,-1.622,-1.292,-1.202,-1.213,-0.724,-0.676,-0.801,-0.978,-0.912,-0.868,-0.847,-0.764,-0.880,-0.405,-0.190,-0.689,-0.475,-0.554,-0.501,-0.382,-0.285,-0.454,-0.442,-0.235,-0.431,-0.355,-0.231,-0.459,-0.400,-0.452,-0.511,-0.368,-0.444,-0.422,-0.288,-0.341,-0.177,-0.185,-0.245,-0.153,-0.189,-0.222,0.029,-0.124,-0.173,-0.094,-0.212,-0.124,-0.068,-0.304,-0.231,-0.212,-0.215,-0.322,-0.165,-0.223,-0.220,-0.175,0.025,-0.122,-0.169,-0.191,-0.067,-0.218,-0.264,-0.236,-0.168,-0.193,-0.138,-0.210,-0.091,-0.122,-0.195,-0.254,-0.018,-0.253,-0.288,-0.127,-0.136,-0.253,-0.033,-0.106,-0.211,-0.120,-0.087,-0.131,-0.037,-0.220,0.063,-0.056,-0.016,-0.185,-0.014,-0.084,0.051,2.573,45.767,249.582,391.637,172.376,16.097,0.913,0.607,0.535,0.647,0.786,0.550,0.711,0.762,1.144,1.113,0.996,1.388,1.000,1.145,1.356,1.853,1.386,1.650,1.755,1.674,2.042,1.642,1.579,1.702,1.944,2.157,1.665,1.899,1.968,1.630,1.811,1.766,1.873,2.019,1.895,2.299,2.765,2.756,2.238,2.138,1.982,2.006,1.885,2.152,1.819,1.495,1.730,1.600,1.567,1.396,1.452,1.774,1.605,1.285,1.300,1.047,1.303,0.879,1.201,1.092,0.981,0.973,0.945,0.924,0.522,0.868,0.837,0.493,0.439,0.551,0.292,0.588,0.330,
