"Summary"
"[Software Information]"
"Software Name:","LabSolutions RF"
"Version:","1.12"
"[Data Information]"
"Data is:","Modified"
"Sample Name:","SP02_080725"
"Sample ID"
"Option"
"Analyst"
"Date/Time:","30/07/2025 13:41:55"
"Comments"
"[Instrument Information]"
"Instrument Name:","Fluoro"
"Instrument Type:","RF-6000 Series"
"Model (S/N):","RF-6000 (A40245500667SA)"

"Parameter"
"[Measurement]"
"Spectrum Type:","3D"
"EX Wavelength Start:","240.0 nm"
"EX Wavelength End:","450.0 nm"
"Data Interval:","5.0 nm"
"EM Wavelength Start:","250.0 nm"
"EM Wavelength End:","600.0 nm"
"Data Interval:","2.0 nm"
"Scan Speed:","6000 nm/min"
"[Instrument]"
"EX Bandwidth:","3.0 nm"
"EM Bandwidth:","3.0 nm"
"Sensitivity:","High"
"[Attachment]"
"Attachment:","None"
"[Auto Print]"
"Auto Print:","No"
"Report File:",""

"SP02_080725.fs3f - CorrectionData"
"EX Wavelength/EM Wavelength",250,252,254,256,258,260,262,264,266,268,270,272,274,276,278,280,282,284,286,288,290,292,294,296,298,300,302,304,306,308,310,312,314,316,318,320,322,324,326,328,330,332,334,336,338,340,342,344,346,348,350,352,354,356,358,360,362,364,366,368,370,372,374,376,378,380,382,384,386,388,390,392,394,396,398,400,402,404,406,408,410,412,414,416,418,420,422,424,426,428,430,432,434,436,438,440,442,444,446,448,450,452,454,456,458,460,462,464,466,468,470,472,474,476,478,480,482,484,486,488,490,492,494,496,498,500,502,504,506,508,510,512,514,516,518,520,522,524,526,528,530,532,534,536,538,540,542,544,546,548,550,552,554,556,558,560,562,564,566,568,570,572,574,576,578,580,582,584,586,588,590,592,594,596,598,600,
240,-145.551,-159.335,-127.143,-99.295,-69.716,-37.417,-10.267,-54.313,-64.113,-61.302,-59.067,-48.595,-47.584,-46.297,-42.887,-44.898,-44.321,-42.980,-46.340,-47.112,-37.001,-27.524,-32.111,-36.312,-31.978,-22.038,-27.423,-26.658,-22.166,-23.023,-19.072,-18.574,-6.806,-6.096,-9.460,0.562,17.135,10.247,13.417,8.260,28.045,13.804,20.685,37.253,29.419,20.081,36.138,27.056,23.844,30.420,32.453,35.225,33.460,44.133,28.032,24.424,28.188,21.636,33.049,20.707,28.298,44.583,27.266,33.588,21.218,20.184,12.654,12.717,17.532,12.684,19.465,15.629,25.648,15.963,16.031,19.801,25.741,22.029,20.574,24.309,13.327,24.386,22.200,16.849,23.720,21.058,19.506,19.929,21.063,17.119,22.069,24.654,17.995,17.216,27.987,22.523,15.550,19.599,24.895,12.364,24.699,12.330,12.049,19.028,17.642,2.450,16.285,15.000,15.354,9.664,10.358,4.550,42.165,134.833,254.782,334.796,283.675,134.000,34.286,8.720,3.126,-8.447,3.503,-1.777,-7.543,-1.773,-11.754,1.059,-3.395,-6.993,-14.716,-7.260,-6.653,-7.265,-1.485,4.105,0.537,-2.785,-2.160,-9.843,-1.420,-13.493,-8.643,-11.660,-16.472,-12.290,-23.190,-18.691,-21.666,-18.895,-20.676,-21.382,-24.342,-14.228,-22.696,-13.009,-30.573,-19.405,-21.649,-27.370,-23.414,-24.665,-22.045,-29.564,-27.878,-28.825,-28.338,-26.313,-35.007,-28.365,-31.248,-32.106,-31.225,-30.087,-40.759,-37.941,
245,-29.412,-84.576,-78.615,-76.029,-71.727,-54.602,-56.603,-23.577,-17.889,-5.829,-20.501,-34.686,-32.597,-40.601,-34.859,-32.391,-40.446,-38.040,-29.374,-25.229,-30.304,-23.821,-27.571,-28.435,-22.123,-23.015,-21.704,-26.863,-20.595,-19.884,-21.329,-16.519,-10.945,-8.295,-3.113,1.576,11.332,14.810,12.024,22.145,22.527,24.233,20.080,30.477,42.745,38.031,46.650,37.126,32.276,29.409,23.003,40.822,37.963,39.926,26.862,36.812,24.113,38.824,33.688,15.398,26.326,22.008,30.199,29.641,28.330,22.060,27.970,29.477,22.467,25.092,25.842,22.236,21.273,17.792,27.196,17.364,12.201,14.089,28.449,17.486,17.793,25.404,9.379,21.335,25.506,19.200,22.864,23.909,26.696,28.007,27.891,30.994,28.455,26.617,26.304,9.174,21.362,14.795,20.734,25.708,26.554,24.357,23.115,23.598,18.761,14.376,19.902,18.684,16.330,14.545,13.251,14.862,2.631,18.683,7.451,19.873,18.509,37.425,128.159,263.625,355.440,288.277,171.991,38.145,13.164,8.983,5.277,6.844,-6.773,3.910,-5.462,-2.093,0.674,2.345,-4.597,5.099,-0.546,-4.743,-6.323,2.314,2.225,-8.921,0.802,-0.032,-6.702,-14.214,-9.739,-12.438,-16.722,-5.273,-14.565,-4.508,-14.958,-16.811,-10.389,-15.956,-21.257,-16.478,-19.407,-24.767,-17.851,-22.388,-14.632,-18.495,-15.681,-24.496,-16.193,-28.687,-26.381,-21.960,-27.987,-26.162,-25.693,-27.119,-27.318,-30.226,
250,2730.272,1502.766,178.853,-37.248,-48.084,-48.937,-40.068,-34.435,-37.971,-25.834,-12.571,11.289,10.833,-0.468,-27.108,-24.572,-19.671,-21.242,-23.800,-23.594,-17.866,-18.261,-20.970,-12.714,-19.570,-20.765,-18.020,-11.266,-13.437,-17.140,-4.446,-8.539,-11.052,-1.511,-3.531,8.440,9.012,13.532,10.697,10.760,24.189,18.363,32.175,25.184,28.041,35.719,34.943,32.198,32.972,31.122,33.987,33.201,30.328,26.842,31.465,24.835,26.087,27.175,21.579,30.499,22.685,25.810,21.204,29.048,31.441,32.650,27.755,21.426,25.641,19.207,28.127,22.541,25.604,24.555,32.832,18.190,20.137,28.793,22.297,33.257,22.193,29.293,26.619,21.278,26.447,15.727,23.507,28.245,27.834,33.793,33.393,27.277,26.351,27.976,30.482,31.356,19.316,17.635,28.046,31.963,26.164,21.062,18.281,23.870,29.272,23.080,16.410,23.991,26.169,25.777,19.412,15.588,9.883,14.351,15.448,16.221,17.190,19.897,12.178,9.125,10.445,15.615,41.625,136.435,274.846,388.426,334.903,149.751,50.758,14.435,11.644,-1.094,2.468,5.849,5.194,3.309,2.332,3.320,-4.761,-4.451,0.128,-3.412,0.260,-5.327,4.055,-5.876,2.509,2.076,10.469,-2.964,9.419,-9.057,-3.720,-11.193,-15.499,-7.979,-11.768,-11.257,-11.868,-5.441,-20.171,-11.163,-15.709,-17.250,-10.530,-11.797,-14.755,-21.770,-17.244,-20.044,-18.257,-13.770,-17.798,-24.735,-20.898,-22.035,
255,48.866,802.064,2442.108,2296.387,763.044,48.641,-46.158,-37.985,-31.385,-34.883,-33.990,-25.143,-18.590,-3.074,19.030,11.769,-0.888,-19.545,-18.386,-16.729,-11.708,-23.207,-18.391,-19.085,-15.209,-14.251,-11.949,-16.628,-10.652,-10.428,-13.550,-14.665,-5.647,-5.283,-3.513,0.339,9.647,-2.058,10.284,8.517,12.362,9.238,23.953,30.105,14.487,18.967,17.910,22.449,30.408,18.935,16.527,14.151,17.819,21.166,28.460,26.961,23.419,25.599,37.832,22.243,26.745,28.600,31.982,25.295,29.406,29.925,27.712,26.195,26.043,27.038,24.693,34.131,25.690,36.015,32.849,34.284,27.746,31.548,38.989,35.696,31.946,31.890,40.836,26.860,42.499,31.625,44.924,31.889,35.090,33.200,34.524,33.048,38.004,32.098,35.378,35.930,35.069,44.540,38.631,34.657,27.716,38.924,25.955,37.704,38.325,28.318,29.797,25.091,27.493,28.090,30.466,24.331,31.486,24.843,28.197,21.506,28.391,24.107,24.359,24.519,21.687,20.136,14.782,15.868,14.826,22.205,23.150,40.888,146.506,364.262,509.466,452.074,235.006,89.557,28.823,11.629,4.357,5.914,15.387,11.254,0.725,5.813,6.841,0.777,3.576,-9.365,-1.149,4.806,-1.003,-8.789,-2.955,-4.518,5.344,17.184,3.731,2.588,-2.590,-7.107,-4.959,-11.137,-11.316,-11.357,-15.691,-11.469,-6.111,-16.940,-7.910,-17.023,-13.980,-14.603,-10.238,-15.962,-15.646,-16.700,-17.109,-20.726,
260,-78.169,-58.012,-19.203,251.456,1413.528,2634.356,1758.370,313.679,-7.522,-17.596,-21.249,-20.989,-16.479,-21.887,-19.117,-16.328,12.912,22.158,12.389,1.759,-6.748,-11.154,0.680,-14.095,-5.760,-6.451,-10.960,-6.702,-0.406,-7.828,-4.213,-1.920,-3.892,2.263,2.492,9.313,13.163,14.975,17.840,20.483,25.490,13.299,24.478,27.139,35.369,29.452,25.760,26.419,23.764,35.811,32.281,25.083,26.759,22.473,32.541,20.729,29.911,28.256,29.809,28.717,22.558,29.690,27.166,31.349,29.963,33.904,33.372,23.820,25.509,26.674,36.158,36.415,32.697,37.880,36.044,32.988,27.044,30.055,32.588,33.646,31.470,31.698,35.046,31.114,33.094,29.155,40.567,40.151,32.059,39.053,38.853,42.317,35.513,37.522,44.108,40.126,34.948,37.350,41.177,38.217,37.272,33.054,36.290,39.652,37.693,34.229,35.185,39.662,29.674,35.839,34.064,29.327,24.712,22.815,30.273,26.600,32.223,23.468,29.790,24.580,25.336,26.558,22.582,16.303,26.478,21.312,13.340,22.053,20.298,16.194,12.995,22.663,43.468,150.647,377.894,532.513,539.006,300.628,99.501,21.742,10.821,10.156,8.349,9.172,7.485,2.481,0.723,5.875,3.430,-1.748,-3.797,2.914,2.232,-0.159,-8.935,1.549,-3.288,0.896,-3.698,5.941,3.194,4.815,1.233,-0.398,-1.862,-12.143,-3.385,-6.677,-8.516,-0.950,-8.317,-7.667,-8.448,-10.635,-13.168,-14.473,
265,-48.553,-41.846,-38.642,-27.800,-23.741,53.073,723.405,2336.639,2277.424,745.252,44.144,-9.012,-16.587,-11.616,-12.504,-11.148,-9.280,-11.782,-7.621,13.056,33.409,23.891,3.512,-1.280,-5.855,-5.750,-3.537,-3.876,-0.556,-3.340,1.853,7.311,3.646,4.135,12.477,15.848,19.033,16.162,23.380,23.629,27.321,26.205,24.577,33.163,37.035,32.470,31.294,28.933,31.352,28.527,33.342,35.543,33.134,29.004,29.232,33.652,30.436,29.522,29.459,27.963,27.677,28.028,25.064,28.366,26.016,32.168,34.685,30.083,22.794,28.015,23.940,31.620,28.768,26.775,26.287,30.156,24.738,25.144,27.326,28.679,34.443,31.804,25.215,40.765,30.725,37.014,37.583,33.240,25.567,34.252,39.818,30.524,32.109,34.411,36.210,29.760,32.521,35.158,39.036,33.019,42.313,39.338,30.571,37.614,28.625,34.254,36.141,32.381,28.682,30.927,31.487,31.755,28.619,28.006,30.505,21.508,26.335,21.121,25.480,24.698,24.209,21.814,23.141,23.640,19.518,21.428,20.069,20.263,16.882,15.642,12.827,19.529,19.591,16.314,16.151,15.376,18.316,57.903,172.588,427.745,559.012,499.637,251.743,72.338,17.268,6.858,7.544,5.517,3.191,9.620,3.103,4.153,3.871,4.290,-0.543,-2.033,-0.499,-4.521,-5.136,0.311,-4.928,2.850,-0.892,1.949,-0.052,3.219,6.261,5.762,-0.820,1.185,-0.532,-6.894,-4.311,-7.120,-9.888,-6.066,
270,-32.183,-41.437,-26.547,-25.741,-15.497,-22.394,-18.550,-5.847,248.150,1493.265,2690.906,1483.673,279.521,3.932,-12.080,-8.263,-7.212,-6.811,-4.361,-5.078,2.042,3.217,16.636,39.982,38.403,16.556,7.239,3.342,4.572,7.103,8.694,2.762,3.836,13.733,14.049,22.136,17.569,27.966,37.156,35.708,29.578,33.737,43.418,40.913,37.188,43.818,35.736,49.352,42.298,42.271,39.257,44.960,39.642,36.053,37.248,38.851,34.147,33.964,32.610,34.203,30.120,34.021,27.743,27.640,29.044,31.707,33.841,30.240,29.069,34.095,27.573,28.794,30.147,26.007,22.949,32.246,23.519,31.932,30.760,33.509,32.001,29.654,33.487,33.161,34.795,30.002,32.677,30.178,31.740,34.183,32.394,36.167,33.837,35.557,32.113,36.193,32.253,35.456,32.582,32.088,32.599,33.511,28.469,34.600,33.093,30.722,35.798,28.623,31.366,26.675,29.047,37.503,25.807,30.542,31.494,28.373,23.971,27.460,26.667,25.432,23.639,26.353,25.512,20.813,20.329,18.871,26.644,19.241,23.253,17.815,11.244,16.200,18.508,18.753,13.083,14.372,13.946,16.293,10.905,12.948,11.438,13.265,49.565,169.281,386.530,611.199,554.171,289.725,94.178,16.880,4.735,4.459,5.070,5.228,3.073,6.889,3.998,0.747,4.018,0.224,2.627,3.886,-4.226,-0.926,1.179,0.265,2.149,-2.102,-2.330,2.855,0.388,9.767,6.315,3.421,3.627,2.720,
275,-30.904,-24.906,-25.261,-17.438,-17.791,-15.704,-17.158,-13.644,-15.076,-9.640,44.669,826.684,2234.837,2177.070,599.211,39.767,-6.381,-2.908,-3.432,2.762,-1.093,3.483,3.375,5.219,10.061,25.620,32.897,38.107,23.811,18.064,10.536,8.247,12.279,14.780,26.835,29.093,34.509,37.517,37.395,41.262,50.931,39.100,51.150,55.821,49.297,47.505,50.593,51.030,47.613,51.192,46.145,51.847,50.809,45.531,47.981,41.835,41.647,39.299,43.210,31.925,34.689,35.300,32.143,33.912,33.666,34.503,33.452,32.057,29.548,29.539,30.297,31.127,29.264,28.902,26.955,29.520,28.522,31.540,28.127,36.075,29.702,34.017,29.515,30.354,29.359,27.035,29.172,33.671,29.888,30.832,29.091,35.855,31.117,31.782,29.631,33.208,32.557,34.323,32.319,28.937,33.328,29.661,32.666,28.537,28.846,26.221,28.786,27.783,30.517,28.996,28.419,27.068,29.618,26.532,28.316,23.697,28.965,24.005,24.033,22.874,21.800,17.923,22.427,19.683,18.329,24.625,18.327,18.084,17.911,19.056,17.836,18.227,16.052,16.475,14.696,11.976,15.645,13.974,12.971,13.825,10.547,10.643,7.869,7.769,11.136,6.735,15.681,48.369,194.539,441.998,602.595,519.095,266.704,72.368,14.860,4.983,6.099,3.200,5.635,4.525,5.895,3.228,0.609,5.068,0.759,4.094,-1.551,-0.811,2.247,1.151,2.074,-0.893,1.610,-0.520,3.009,-2.616,
280,-30.427,-20.677,-20.661,-13.107,-11.461,-12.390,-11.887,-12.410,-6.362,-11.651,-8.931,-5.718,0.238,293.818,1728.826,2564.848,1220.283,159.946,6.120,1.252,1.736,1.352,4.589,6.839,6.820,11.592,10.950,13.640,23.348,35.843,39.973,25.572,23.044,23.365,29.841,36.721,50.513,48.610,45.228,45.378,51.757,53.302,57.304,65.969,65.997,63.128,68.984,61.449,59.067,61.152,56.439,58.984,61.833,54.526,51.671,50.948,49.316,43.976,45.779,44.700,36.897,39.579,41.368,43.831,38.590,42.325,35.821,38.779,34.659,35.379,33.936,39.199,37.967,32.104,30.905,27.633,30.892,31.446,31.527,31.801,33.436,33.730,26.993,33.428,36.584,28.778,27.764,29.923,26.796,30.605,27.770,32.356,31.465,30.477,26.738,27.178,33.455,29.016,31.661,33.449,29.377,33.175,29.372,25.718,31.134,29.917,28.664,28.627,25.481,27.830,26.209,26.553,24.799,25.494,24.890,25.592,19.343,25.274,20.473,27.567,21.373,19.232,19.304,16.012,18.370,20.880,13.784,19.241,14.454,20.098,17.466,16.109,15.266,18.415,13.724,16.571,13.832,16.279,12.073,13.809,12.139,14.209,10.355,12.243,8.444,5.301,8.561,9.769,7.982,6.647,7.265,20.365,71.282,226.255,482.482,645.576,512.633,253.581,74.394,7.956,5.410,7.426,3.938,6.440,3.590,5.907,1.173,1.660,0.809,0.989,0.608,-1.038,1.241,1.218,0.683,-0.012,
285,-29.915,-18.041,-14.733,-11.678,-16.137,-11.861,-11.243,-11.415,-6.597,-9.024,-6.940,-7.203,-6.702,-6.102,-2.650,40.181,756.613,2327.911,2140.011,568.608,44.475,1.782,3.078,2.972,7.563,7.410,6.662,8.560,12.309,12.227,18.476,23.961,37.563,49.663,49.037,58.079,59.857,57.467,55.858,59.079,67.650,66.814,75.142,81.222,83.245,86.217,78.747,73.241,76.793,72.363,69.722,76.386,74.283,68.417,67.777,62.455,63.706,57.683,51.805,55.826,50.330,52.273,48.788,47.147,48.948,48.193,47.254,40.697,38.801,38.154,35.768,34.351,38.411,39.964,36.155,35.376,32.943,33.195,34.027,32.718,35.041,33.848,33.498,33.965,27.887,29.726,28.391,32.496,30.573,30.350,30.112,31.094,29.028,30.452,30.550,31.116,28.622,34.872,27.713,27.274,30.141,29.187,27.683,30.088,26.014,28.347,27.951,26.055,31.057,29.981,24.268,29.410,22.016,23.810,22.593,24.744,23.741,21.578,24.197,19.108,19.642,22.618,23.341,17.394,19.349,19.990,15.491,19.886,17.219,14.958,16.524,14.744,14.308,12.148,13.300,14.502,11.979,14.863,9.369,9.560,12.127,11.143,8.567,9.608,9.983,9.296,10.741,6.167,3.870,8.790,6.865,6.353,6.289,4.128,6.019,5.887,12.044,59.365,201.186,447.608,658.097,584.710,312.262,97.819,14.313,4.050,3.848,5.323,3.417,1.097,1.836,2.170,1.514,3.584,3.525,0.456,
290,-21.818,-18.018,-16.411,-14.176,-10.422,-8.786,-11.716,-9.741,-7.054,-9.462,-7.783,-5.675,-8.285,-8.086,-4.785,-3.985,-3.330,11.035,280.789,1725.217,2660.963,1315.030,138.726,11.862,4.641,3.460,8.086,7.022,5.967,7.836,12.076,16.218,17.940,28.806,51.398,76.812,88.802,90.143,74.754,74.931,75.175,85.282,90.993,100.042,103.790,102.300,96.921,92.499,93.145,90.805,97.080,90.724,85.409,90.119,85.899,82.212,74.456,75.052,72.228,69.953,65.241,61.407,62.253,59.297,60.376,53.777,54.731,47.717,46.351,46.695,42.315,41.792,42.031,37.403,38.276,38.160,39.055,35.712,36.028,44.449,34.371,34.063,34.726,34.558,38.146,34.612,35.787,34.778,33.150,33.855,30.484,32.609,29.749,33.336,31.539,32.530,32.647,31.491,30.951,32.674,30.012,29.648,29.918,29.277,28.902,26.353,26.166,28.254,29.297,26.320,26.595,23.649,23.654,23.802,23.964,23.062,23.405,25.277,21.279,22.683,21.784,18.827,20.318,18.311,17.907,18.952,17.031,19.520,18.670,16.338,13.000,13.503,13.883,13.710,13.399,11.852,14.254,12.598,13.592,9.516,9.281,12.647,9.630,9.226,9.688,10.360,8.659,8.887,9.411,5.980,4.836,4.701,9.297,7.492,3.513,6.567,5.634,6.870,4.004,3.915,5.820,14.401,68.266,218.294,499.661,679.545,554.505,265.795,71.279,14.695,2.642,2.907,4.459,0.437,-1.573,1.374,
295,-21.484,-16.926,-11.081,-11.163,-8.757,-7.866,-10.472,-6.049,-8.259,-6.093,-5.446,-5.477,-5.479,-5.989,-4.922,-3.632,-1.582,-3.284,-1.526,-2.593,82.085,887.168,2527.203,2114.958,579.581,28.531,2.951,2.715,3.965,4.732,6.727,6.517,11.023,20.286,42.505,54.053,74.373,83.581,88.667,90.909,101.704,88.430,101.635,105.937,114.343,111.828,104.232,109.901,99.577,101.834,102.466,101.789,101.851,94.707,94.844,86.988,83.326,72.387,73.966,74.901,69.653,72.647,69.523,62.409,57.706,60.469,56.482,57.573,47.614,53.478,49.421,52.931,46.592,47.177,46.432,40.570,41.556,39.164,40.423,41.004,38.187,37.122,35.647,35.213,36.063,37.116,38.904,34.129,35.410,34.393,37.824,30.259,34.616,34.478,33.717,34.342,33.076,31.420,30.968,32.986,30.222,28.542,30.280,31.847,28.929,29.641,26.027,29.396,27.299,24.843,23.832,26.118,26.332,23.414,24.929,21.840,21.611,21.968,20.036,20.899,19.004,20.186,18.290,20.402,17.091,15.642,17.631,14.457,18.260,16.166,16.420,14.155,11.063,15.022,12.542,11.506,13.115,10.175,9.986,13.105,10.353,10.352,7.831,10.395,6.993,6.293,9.837,6.834,5.348,7.511,7.580,6.263,5.542,3.763,5.169,5.726,2.155,2.799,3.426,5.667,3.048,4.533,3.300,4.043,3.212,2.412,13.239,74.719,249.156,485.570,640.584,476.497,246.444,69.432,6.869,-0.579,
300,-17.101,-14.115,-14.140,-11.625,-8.978,-9.219,-7.954,-8.225,-6.528,-5.398,-5.283,-5.400,-4.406,-4.913,-4.975,-4.171,-4.540,-4.201,-3.163,-3.374,-2.720,-1.164,6.989,228.123,1352.396,2514.248,1264.463,195.418,4.730,1.788,1.773,6.555,9.399,20.559,39.073,57.220,67.502,78.574,74.291,82.627,96.036,116.401,123.974,129.344,120.131,120.920,115.901,113.296,102.458,102.984,106.799,106.283,110.405,107.769,105.355,89.656,88.119,86.906,85.402,80.261,76.480,68.740,67.517,70.396,69.063,59.357,60.206,58.541,56.666,59.098,46.461,49.601,50.255,44.766,45.569,42.485,45.832,44.207,41.524,41.369,42.683,39.595,38.207,36.933,35.232,42.325,36.244,35.103,35.585,36.889,38.045,34.095,34.787,33.958,34.579,32.777,33.398,34.017,31.319,30.160,30.933,28.438,28.536,28.024,29.832,26.829,27.545,27.717,26.314,25.088,25.810,26.985,24.498,23.432,21.366,21.267,21.595,21.400,19.672,21.414,16.771,20.342,15.936,17.010,17.721,17.678,16.424,15.563,15.585,14.798,16.102,12.702,12.915,13.620,14.133,11.883,10.074,9.936,9.062,10.147,11.399,10.560,9.081,10.449,8.012,6.511,8.577,7.141,5.386,8.711,5.549,6.802,5.463,6.594,4.548,5.681,5.776,4.648,3.543,3.474,4.556,2.754,3.972,3.995,1.117,2.375,3.126,4.288,1.777,0.966,5.148,12.361,55.812,187.391,437.137,582.603,
305,-16.143,-14.920,-10.646,-8.048,-8.683,-6.404,-5.710,-8.054,-8.036,-4.125,-4.480,-5.055,-4.623,-3.478,-4.431,-2.157,-4.553,-3.884,-3.281,-4.016,-1.877,-3.118,-2.011,-1.615,-0.885,66.202,759.675,2103.839,1859.924,476.209,28.051,4.033,4.302,19.034,35.337,47.668,61.896,66.780,70.391,67.594,77.992,83.850,99.308,115.879,127.919,125.738,120.972,117.519,100.742,98.836,99.278,96.947,102.805,101.103,97.639,90.053,80.159,80.779,75.340,77.865,75.533,68.516,67.978,67.475,63.578,61.824,57.911,54.217,52.061,52.687,51.440,48.086,48.366,44.881,43.998,44.918,44.455,44.514,42.855,47.343,40.590,43.837,41.944,36.536,40.962,37.638,37.893,38.231,41.149,34.836,37.552,34.413,34.870,35.142,33.480,29.881,32.350,31.330,31.031,34.333,29.483,28.958,30.082,28.560,29.240,29.984,27.844,27.324,26.173,24.801,26.667,25.662,21.321,21.700,24.028,23.278,19.550,20.594,20.368,19.369,20.555,16.033,18.378,16.072,19.914,17.464,14.430,14.675,13.997,15.500,14.357,13.707,13.513,13.781,11.331,12.378,12.258,10.602,10.739,10.918,10.543,11.164,9.613,9.915,7.562,9.105,8.237,5.879,8.688,6.986,5.769,5.778,6.851,4.852,3.310,4.354,5.899,3.781,3.277,3.005,2.724,3.885,3.512,1.152,2.574,2.772,2.368,3.379,1.675,1.081,1.615,2.614,-1.129,0.658,3.255,2.224,
310,-13.025,-11.694,-9.206,-8.509,-7.823,-6.338,-6.101,-5.953,-6.106,-4.708,-5.710,-5.001,-4.118,-4.280,-3.455,-3.757,-2.890,-3.316,-1.853,-2.893,-2.448,-2.849,-2.811,-2.280,-1.883,-1.511,-1.455,6.295,240.369,1307.105,2181.956,1078.020,149.247,19.386,24.755,42.993,48.311,50.809,56.956,56.647,59.210,66.156,74.816,79.998,86.594,88.026,93.219,91.843,94.295,87.663,86.387,86.809,79.812,77.253,75.500,71.361,70.177,68.138,63.907,63.253,63.311,58.040,58.867,55.607,50.041,50.085,50.800,48.107,45.842,43.187,46.997,45.859,40.332,42.901,42.726,43.962,45.524,39.937,40.359,39.549,39.074,41.943,40.630,42.275,39.796,37.445,40.125,36.860,35.897,33.176,35.582,34.003,35.750,33.053,34.634,32.978,30.971,32.146,31.168,34.451,29.953,29.509,29.546,29.726,28.291,28.408,27.429,26.332,25.021,27.362,25.270,24.718,24.884,21.062,22.265,24.606,22.406,21.897,19.563,20.639,19.259,17.934,17.277,18.388,17.951,17.651,15.680,17.012,13.944,14.408,13.184,13.479,14.222,11.738,11.990,11.313,12.389,9.760,8.644,11.491,10.199,8.690,10.081,9.102,9.138,5.761,8.848,7.708,7.228,6.796,4.360,6.372,5.476,6.174,5.083,5.111,4.130,4.803,2.642,2.041,4.290,4.006,4.377,2.009,2.513,3.120,0.698,1.933,1.473,2.164,2.113,1.905,1.972,0.088,1.890,1.321,
315,-11.786,-11.436,-7.475,-6.368,-4.203,-5.646,-4.748,-4.407,-4.746,-4.590,-4.444,-3.136,-4.208,-2.512,-3.737,-3.116,-3.007,-2.707,-1.857,-1.862,-1.925,-1.811,-1.057,-2.012,-1.590,-0.676,-1.470,-1.188,-0.438,0.973,33.364,507.428,1687.286,1791.716,529.744,72.159,41.520,41.271,40.653,43.591,47.122,55.109,62.030,64.242,66.494,68.244,68.493,67.564,61.989,66.189,70.218,74.193,75.080,68.135,59.304,58.492,58.584,57.390,54.758,48.951,48.871,48.077,49.270,48.601,47.575,46.707,41.229,45.190,39.712,40.884,42.340,39.976,37.863,38.994,38.439,36.002,37.205,38.555,38.453,38.530,37.381,36.645,36.138,35.814,33.743,35.062,34.584,36.401,35.190,33.876,34.450,33.967,31.841,32.139,30.082,31.745,28.479,31.838,27.952,33.400,32.978,31.335,27.971,28.407,27.703,25.374,25.671,26.948,25.699,26.904,24.862,24.813,24.580,24.877,21.728,19.986,20.433,21.230,18.835,20.255,18.839,18.590,17.747,19.843,15.042,16.062,15.665,13.748,14.191,11.379,14.468,12.612,13.536,11.759,12.041,12.310,9.537,10.834,11.644,9.154,8.948,10.501,8.135,8.050,9.986,9.525,6.732,6.818,5.742,5.750,6.479,6.465,5.420,5.622,5.523,4.047,5.893,5.649,4.138,3.670,4.959,3.273,3.763,2.795,3.513,1.561,3.529,0.876,2.279,2.122,3.227,1.069,1.542,0.310,1.271,1.308,
320,-11.618,-7.442,-6.025,-5.990,-4.450,-4.182,-4.496,-4.644,-3.559,-3.612,-3.483,-3.744,-3.593,-3.410,-2.578,-3.021,-2.412,-3.085,-1.851,-1.854,-2.020,-2.662,-1.917,-1.940,-1.899,-1.903,-2.027,-0.680,-0.857,-0.952,0.806,-0.637,7.276,161.143,1117.169,1926.090,989.919,140.287,28.161,24.045,28.286,30.718,30.686,37.163,40.404,37.965,36.792,39.420,35.162,36.962,38.375,39.752,42.140,47.138,48.597,50.426,42.628,36.794,36.084,33.682,34.981,34.692,33.791,34.382,34.836,31.852,35.081,34.847,35.870,33.053,31.783,32.076,33.206,33.257,31.473,31.415,34.177,34.091,32.798,33.009,33.439,33.245,32.354,34.321,33.899,35.087,33.560,32.470,34.651,32.521,33.417,34.492,31.117,31.870,29.181,32.343,30.848,29.610,27.945,29.706,28.647,31.388,27.767,26.339,25.912,27.351,27.488,24.735,23.049,24.898,22.135,22.310,23.629,22.024,22.259,20.039,21.650,19.570,18.357,20.182,16.770,18.117,17.760,17.235,17.487,14.707,14.229,13.208,12.874,14.522,13.561,12.198,11.087,12.270,10.903,10.399,10.149,10.728,11.065,10.000,8.781,9.662,9.983,9.867,7.675,7.384,7.119,6.708,6.816,4.587,5.411,5.694,6.555,7.041,5.372,4.556,6.693,2.499,4.617,5.332,2.795,1.770,2.461,2.751,3.417,3.484,1.160,1.534,2.165,1.039,1.471,1.847,1.179,1.791,1.001,0.522,
325,-9.705,-7.541,-6.670,-6.258,-4.805,-4.354,-4.681,-4.224,-3.959,-3.203,-3.204,-2.817,-3.124,-3.010,-2.417,-2.292,-2.765,-2.705,-2.320,-2.547,-2.200,-2.057,-1.922,-1.966,-1.359,-2.009,-1.213,-1.236,-1.676,-1.187,-0.722,-0.846,0.391,0.091,2.892,25.762,404.447,1555.317,1570.401,450.841,31.228,5.844,6.616,6.815,8.636,8.549,6.713,8.329,8.229,10.101,9.563,11.492,10.748,11.915,11.870,16.196,21.757,24.489,24.396,24.492,22.451,19.549,19.410,18.764,22.751,24.079,22.143,25.191,23.632,23.476,24.857,24.142,27.991,27.905,28.595,29.662,25.776,28.533,28.055,32.258,28.264,30.273,32.302,30.427,30.655,33.686,32.493,29.563,31.775,30.703,31.066,31.389,29.477,31.488,30.271,29.143,29.349,26.682,28.373,28.680,27.233,26.453,27.747,28.264,27.526,26.697,25.090,25.283,26.830,22.777,24.571,24.059,22.734,22.718,21.141,20.260,21.402,21.627,18.760,20.211,18.170,18.889,17.490,14.645,15.846,14.217,16.360,14.566,14.371,13.188,11.974,13.165,13.168,12.973,11.618,11.114,11.036,8.744,10.036,9.025,9.901,6.736,10.067,7.643,7.979,8.855,6.514,6.907,6.702,6.847,5.549,5.043,6.892,5.672,5.217,4.246,5.067,4.421,3.140,4.109,4.002,3.316,3.219,2.464,3.866,2.621,1.849,3.108,1.734,1.608,1.107,1.807,0.968,1.608,1.154,1.466,
330,-8.993,-7.058,-5.131,-4.613,-3.919,-4.389,-3.420,-4.289,-3.435,-3.757,-3.149,-3.123,-2.580,-2.099,-2.599,-2.317,-1.889,-2.084,-1.508,-2.138,-1.803,-1.488,-1.870,-1.435,-1.258,-1.263,-1.447,-1.352,-1.247,-1.591,-1.305,-0.967,-0.735,-0.421,0.379,-0.163,0.380,4.209,105.238,844.826,1671.472,941.810,125.921,5.869,1.490,2.270,2.300,2.646,2.756,2.862,3.697,4.295,6.157,6.834,7.036,8.881,8.424,10.517,12.181,17.963,20.372,22.555,21.973,17.851,17.891,18.684,19.421,19.406,17.874,18.610,21.703,22.110,21.664,23.014,24.576,25.540,26.516,24.443,25.219,26.487,27.789,27.184,29.192,29.917,29.283,27.611,28.392,28.459,27.518,30.958,29.542,29.132,28.891,31.034,29.500,27.224,28.134,26.814,25.991,27.904,27.546,26.265,25.907,26.498,26.701,25.837,26.073,22.612,23.157,22.633,23.240,23.705,21.842,21.365,21.060,19.093,19.361,20.017,17.509,17.355,19.170,18.312,16.678,15.346,16.135,15.569,16.107,13.528,13.737,15.806,12.828,12.475,12.234,12.580,11.265,10.023,11.056,10.362,11.597,9.939,7.544,7.843,8.182,9.212,7.258,6.738,7.558,6.651,7.115,6.402,6.794,4.697,5.243,4.992,5.621,5.128,3.161,4.347,3.759,5.125,3.543,3.475,3.648,3.359,3.408,3.955,2.367,2.910,2.143,1.215,1.134,1.578,2.527,2.358,1.023,2.573,
335,-7.719,-4.199,-4.979,-5.325,-3.779,-3.159,-3.506,-3.146,-2.567,-3.015,-2.148,-2.747,-3.119,-2.885,-1.971,-2.051,-2.422,-1.783,-2.122,-1.579,-1.583,-1.490,-1.776,-1.667,-1.634,-1.744,-1.149,-1.614,-1.169,-0.956,-0.888,-0.914,-0.760,-0.995,-0.801,-0.119,-0.516,-0.271,-0.442,0.292,36.765,409.975,1393.331,1293.410,328.007,17.133,1.586,1.708,1.828,2.247,3.449,3.949,4.016,3.776,5.084,5.596,6.902,8.227,9.372,8.783,11.809,14.606,14.148,20.685,21.826,21.454,18.877,16.095,17.599,18.564,17.848,21.562,21.105,22.702,19.964,22.875,24.421,24.519,26.770,25.020,25.064,27.561,25.048,27.452,25.408,28.686,27.555,25.339,28.850,27.787,26.224,29.639,26.905,27.558,29.113,27.648,27.146,26.747,25.939,27.166,26.883,25.609,25.465,24.571,25.107,24.312,24.445,23.895,23.319,21.136,21.788,20.907,21.231,19.646,21.756,20.252,18.488,16.956,18.244,17.300,17.443,17.001,17.212,16.451,15.624,13.577,13.462,13.055,13.475,13.522,13.770,13.301,11.852,11.581,11.018,10.105,10.081,9.975,8.931,9.786,9.294,9.457,8.513,7.162,8.092,8.231,6.607,6.442,6.790,6.339,5.597,5.434,5.986,5.942,5.331,4.911,5.813,3.931,4.400,3.959,4.096,3.746,2.406,2.929,2.518,2.696,3.839,3.244,3.142,1.461,0.950,1.630,1.751,2.048,0.966,1.745,
340,-5.839,-5.822,-4.654,-4.090,-4.399,-3.252,-3.808,-3.697,-2.707,-3.406,-2.753,-2.754,-1.700,-2.150,-2.147,-2.095,-1.598,-1.725,-1.774,-1.582,-1.403,-1.334,-1.211,-1.273,-1.470,-1.445,-1.499,-1.279,-1.161,-1.115,-0.678,-0.841,-0.940,-0.730,-1.127,-0.852,-0.650,-0.083,-0.685,-0.486,-0.406,-0.048,2.712,112.287,763.967,1484.059,784.894,109.704,3.519,2.086,1.988,2.388,2.991,2.601,2.917,4.482,4.731,6.325,7.420,7.438,8.056,8.560,8.852,10.394,13.425,14.821,18.216,21.565,19.483,19.131,17.953,18.360,18.566,17.787,18.380,20.354,20.392,21.744,21.817,22.736,24.304,23.170,23.293,25.456,25.854,25.602,25.479,25.292,23.683,26.008,26.753,26.582,26.029,26.371,28.265,25.587,24.931,25.324,24.588,25.597,29.390,24.721,24.245,25.974,24.172,23.248,22.726,22.679,21.452,21.579,22.133,20.957,19.275,19.428,18.780,18.882,20.421,19.414,17.895,16.770,16.953,15.826,15.946,16.798,16.691,13.917,14.103,14.026,13.928,14.274,13.350,12.591,12.403,11.949,11.483,10.803,10.676,9.497,9.645,9.699,8.451,8.118,8.008,9.155,7.658,6.696,6.712,6.290,6.341,6.734,6.736,5.311,5.272,5.311,5.146,4.234,5.185,4.089,4.492,4.089,2.908,3.673,2.803,3.180,1.782,3.116,2.562,1.759,3.019,2.150,2.420,1.427,0.989,1.311,2.114,0.361,
345,-5.841,-4.935,-4.370,-3.971,-4.126,-2.730,-3.570,-2.400,-2.172,-2.326,-3.103,-2.469,-2.393,-1.965,-2.095,-1.533,-1.632,-1.679,-1.916,-1.170,-1.316,-1.502,-1.697,-1.250,-1.542,-1.437,-1.363,-1.191,-1.263,-1.253,-0.998,-1.173,-0.958,-1.034,-0.619,-0.382,-0.790,-1.029,-0.708,-0.680,-0.131,-0.093,-0.209,-0.409,0.507,31.097,371.021,1213.215,1137.502,268.257,14.243,1.667,1.810,2.562,3.315,2.793,3.343,4.266,5.143,5.425,6.186,5.478,8.096,9.513,9.226,9.580,11.915,12.280,14.431,17.821,20.184,21.374,17.421,16.551,19.038,16.918,18.092,19.403,19.955,20.886,19.589,22.054,21.965,21.281,23.316,23.217,24.013,25.464,25.528,25.418,24.848,24.188,24.434,23.430,24.601,24.403,24.541,27.246,25.855,23.904,25.519,24.602,23.679,24.231,23.038,23.262,22.897,23.147,23.812,21.507,21.442,19.638,19.918,19.934,19.462,18.173,18.499,19.609,18.840,16.914,17.316,16.609,17.223,14.788,14.777,14.743,14.214,13.927,13.744,13.923,12.356,12.957,11.768,11.968,12.826,9.407,11.083,10.488,9.926,9.167,8.333,8.329,9.238,7.496,6.976,7.894,5.900,7.650,6.597,6.863,5.421,4.806,4.868,4.616,5.023,4.301,4.547,4.673,3.734,2.976,3.712,3.126,3.073,3.489,4.260,2.223,2.653,1.722,1.816,2.229,1.572,1.883,1.112,1.921,1.581,1.969,
350,-3.359,-4.502,-3.860,-3.443,-1.733,-3.021,-2.635,-2.401,-2.585,-2.753,-2.034,-1.983,-2.200,-1.784,-1.746,-1.200,-1.211,-1.772,-1.743,-1.900,-1.409,-1.297,-1.366,-1.191,-1.420,-0.913,-1.567,-1.225,-1.079,-0.962,-1.114,-0.674,-0.847,-1.143,-0.863,-0.575,-0.532,-0.776,-0.540,-0.651,-0.663,-0.401,-0.448,-0.266,0.002,-0.192,0.160,5.155,165.947,888.805,1311.777,510.625,51.852,2.188,1.590,2.397,2.185,2.759,3.274,3.306,3.996,4.436,5.652,5.798,6.594,8.944,8.002,8.707,9.503,9.891,12.779,13.971,15.991,18.193,19.003,18.697,17.623,17.178,18.040,17.033,18.932,19.772,18.777,19.963,19.526,20.479,21.853,21.716,20.060,23.372,22.050,21.553,23.018,22.702,24.169,23.281,23.308,24.534,23.632,23.450,24.776,22.891,23.651,22.345,22.758,22.764,24.316,22.387,22.786,19.965,20.702,20.364,21.261,18.310,18.707,18.568,17.420,17.751,17.603,16.699,16.886,16.996,16.621,14.722,14.002,14.437,13.671,13.582,12.969,12.665,12.668,11.230,11.542,11.450,10.031,10.727,9.098,10.435,9.152,7.847,9.873,9.234,7.693,7.717,7.503,8.231,5.737,6.132,6.974,5.775,6.992,5.840,5.163,4.453,5.515,4.042,4.902,4.880,3.314,4.241,3.605,3.376,4.013,4.655,1.908,2.489,2.794,2.917,2.563,1.728,2.245,1.990,1.474,2.071,2.807,1.353,
355,-4.669,-4.592,-3.878,-2.940,-3.170,-3.066,-2.477,-2.144,-2.545,-2.064,-1.434,-2.072,-1.550,-1.560,-1.770,-1.317,-1.584,-1.332,-1.644,-1.166,-1.116,-1.292,-1.148,-1.337,-1.385,-0.567,-1.235,-0.998,-1.109,-0.768,-0.909,-0.800,-0.911,-0.867,-0.917,-0.571,-1.002,-0.704,-0.493,-0.800,-0.444,-0.404,-0.698,-0.321,-0.527,-0.363,-0.119,-0.663,0.082,0.333,27.321,393.265,1161.899,1025.265,249.235,14.465,1.165,1.882,2.176,2.718,3.293,3.466,3.720,4.255,5.200,6.600,6.252,7.201,7.201,8.343,9.346,9.410,9.855,11.191,12.550,15.692,17.763,19.281,18.626,16.052,17.028,16.900,17.122,17.779,18.478,17.695,19.935,19.234,19.742,20.979,20.249,19.808,23.180,21.977,23.043,22.252,22.531,21.392,23.117,22.923,21.206,21.500,22.610,21.124,20.419,20.369,20.390,20.300,19.875,19.995,19.384,19.678,19.507,18.181,18.104,17.385,17.476,18.073,16.034,16.465,14.759,15.283,15.241,16.045,14.487,14.961,12.944,13.767,12.551,11.595,11.199,11.133,11.046,10.827,10.257,10.423,10.132,8.820,9.101,9.304,8.300,9.604,7.426,7.381,7.999,7.787,6.956,6.216,7.366,5.254,5.504,6.323,4.459,5.111,4.520,3.692,4.895,3.224,4.030,3.695,3.542,2.311,3.442,2.988,2.651,3.068,2.550,2.529,2.669,2.899,1.478,1.560,1.694,1.308,1.032,0.930,
360,-5.581,-2.556,-3.818,-2.811,-1.516,-2.763,-2.151,-2.145,-2.088,-2.362,-1.719,-1.564,-1.785,-1.323,-1.688,-1.766,-1.269,-1.363,-1.347,-1.253,-1.341,-1.122,-0.940,-0.879,-1.286,-0.851,-0.814,-0.720,-1.276,-1.234,-0.850,-0.780,-1.070,-0.913,-1.184,-0.941,-0.652,-1.060,-0.482,-0.764,-0.860,-0.505,-0.714,-0.621,-0.465,-0.660,-0.130,0.034,-0.160,0.022,0.150,0.277,6.221,130.615,796.652,1226.529,588.940,64.571,2.838,1.498,2.257,2.301,2.530,2.853,3.045,3.911,4.230,4.871,4.773,6.900,6.177,7.376,7.350,7.855,8.544,9.239,11.307,10.166,13.974,17.551,19.189,18.301,17.284,16.303,17.425,16.851,17.773,17.380,16.506,16.660,18.722,18.645,18.173,20.061,19.004,19.111,20.906,18.395,20.651,20.974,22.288,19.281,20.044,19.274,19.437,18.582,20.000,18.908,19.277,19.667,18.706,18.289,17.462,18.585,17.825,16.817,16.830,17.071,16.112,17.092,15.068,15.077,15.152,13.461,13.054,14.046,11.776,12.152,12.872,11.323,12.130,9.719,10.613,10.520,9.530,9.044,9.294,10.141,8.647,8.260,7.752,8.044,7.472,6.326,8.589,6.730,6.818,6.134,4.799,5.561,5.854,5.080,5.365,4.332,3.788,4.018,4.451,4.209,3.301,3.567,3.100,2.867,2.986,3.260,2.959,1.221,1.858,2.333,2.524,2.321,1.367,1.545,2.143,1.968,1.637,0.997,
365,-5.042,-3.862,-2.781,-2.902,-2.031,-1.623,-1.782,-2.312,-2.069,-2.041,-1.519,-1.029,-1.508,-0.935,-1.225,-1.151,-1.352,-1.228,-1.210,-0.906,-1.342,-1.098,-0.747,-0.715,-0.726,-1.133,-1.082,-1.046,-0.921,-0.441,-0.720,-0.985,-0.751,-0.887,-0.878,-0.758,-0.816,-0.742,-0.743,-0.585,-0.680,-0.433,-0.563,-0.470,-0.726,-0.537,-0.488,-0.391,-0.561,-0.438,-0.569,-0.448,0.093,0.071,0.338,35.164,345.883,1059.702,932.315,214.929,9.907,1.386,1.520,1.674,2.328,2.213,2.965,2.477,3.747,3.992,4.601,5.227,6.944,6.626,6.601,7.957,7.860,8.114,9.593,10.976,11.023,14.305,15.453,16.990,17.774,17.029,16.224,15.799,15.538,15.951,15.787,17.123,16.934,17.712,17.054,18.695,17.952,18.103,17.166,18.631,19.343,18.467,18.846,19.918,18.396,17.373,18.993,19.017,17.207,18.655,17.978,17.307,15.952,17.417,15.286,16.128,14.975,16.605,14.998,15.040,14.960,14.240,14.717,13.138,13.025,12.142,12.692,11.335,11.818,11.156,11.485,10.730,10.053,11.060,9.782,9.262,9.490,8.991,8.380,8.545,7.323,8.173,6.863,6.563,7.180,6.359,5.897,5.983,5.102,5.784,5.373,5.729,5.022,4.417,4.050,3.789,4.288,3.330,4.277,2.951,3.584,4.049,3.042,2.625,2.692,2.554,2.773,2.122,2.448,1.535,1.771,1.520,1.389,1.516,1.596,1.635,
370,-3.096,-4.307,-3.167,-2.052,-2.345,-2.738,-2.581,-1.230,-1.680,-1.199,-1.208,-1.528,-1.571,-1.369,-1.197,-1.755,-1.366,-1.170,-1.190,-0.873,-1.267,-1.299,-0.990,-1.096,-1.192,-1.076,-1.080,-0.947,-0.848,-0.958,-0.701,-1.014,-0.877,-0.431,-0.936,-0.823,-0.934,-0.790,-0.853,-0.953,-0.770,-0.545,-0.605,-0.381,-0.452,-0.595,-0.608,-0.583,-0.422,-0.252,-0.486,-0.244,-0.283,-0.233,-0.189,0.076,0.244,3.791,88.869,611.218,1079.726,565.191,89.016,3.486,1.464,0.986,1.839,2.098,2.392,2.943,3.617,4.110,3.751,5.009,4.971,5.722,6.111,6.631,7.172,8.184,9.066,9.248,10.281,12.008,11.850,13.497,14.845,15.608,15.233,15.852,14.013,15.079,14.345,14.087,15.371,17.180,14.440,16.134,16.298,17.479,16.361,16.708,18.170,16.413,16.058,17.197,16.734,16.455,15.366,16.174,15.957,16.237,16.838,15.890,15.323,14.542,14.817,13.234,14.047,14.828,13.262,13.967,14.077,13.733,13.555,14.054,12.078,11.632,12.003,9.973,10.113,10.240,10.376,10.021,9.046,8.779,8.676,7.488,7.167,7.934,7.111,7.972,6.712,7.983,6.545,7.219,6.656,5.618,6.167,5.525,4.874,4.942,5.589,4.079,4.363,3.732,4.058,4.462,4.858,2.935,2.807,2.619,2.930,2.047,2.137,3.054,2.424,2.278,2.486,2.499,1.352,2.227,0.988,1.855,1.236,1.776,
375,-3.721,-3.182,-2.336,-2.619,-2.053,-2.153,-2.382,-1.797,-2.147,-1.821,-1.203,-1.387,-1.220,-1.221,-1.036,-1.519,-1.360,-0.769,-1.277,-0.977,-1.008,-1.324,-1.111,-1.053,-0.680,-1.268,-0.752,-1.160,-0.966,-0.817,-1.035,-1.048,-0.832,-0.815,-0.748,-0.714,-0.700,-0.684,-0.733,-0.831,-0.593,-0.787,-0.756,-0.533,-0.657,-0.553,-0.245,-0.374,-0.473,-0.483,-0.628,-0.368,-0.276,-0.487,-0.274,-0.299,0.236,-0.002,0.307,1.064,39.187,305.780,927.749,807.322,210.958,11.038,1.475,1.232,2.010,1.805,1.881,2.266,2.762,3.243,3.151,3.785,4.810,5.358,5.325,5.916,7.011,8.162,7.534,8.013,10.433,9.577,10.623,11.460,12.964,14.067,14.705,13.718,14.839,12.825,14.628,13.359,13.959,14.765,14.829,15.207,14.317,13.871,14.441,14.787,16.286,15.347,14.666,15.478,13.964,15.602,14.741,14.818,13.871,14.227,14.349,14.742,12.460,13.477,12.983,13.068,11.936,12.088,12.148,11.837,11.137,10.929,11.632,10.750,10.124,9.774,9.957,9.835,9.535,9.944,9.025,8.387,8.680,8.154,7.622,7.308,8.107,6.958,6.031,6.450,6.563,6.997,6.297,5.756,5.192,4.922,5.311,4.671,4.873,4.106,4.257,4.583,3.010,4.235,3.198,3.206,3.699,2.701,2.451,3.098,2.661,3.261,2.585,2.917,2.088,1.887,1.799,1.099,1.669,1.372,2.146,0.954,
380,-5.454,-3.454,-2.618,-2.094,-2.172,-1.833,-2.158,-1.821,-2.184,-2.248,-1.623,-1.064,-1.451,-1.272,-1.180,-1.541,-1.279,-1.356,-1.362,-0.908,-0.778,-0.952,-0.848,-0.855,-0.936,-1.193,-1.132,-1.020,-0.917,-0.864,-0.839,-0.719,-0.727,-0.974,-0.809,-0.537,-0.766,-0.758,-0.368,-0.744,-0.574,-0.447,-0.861,-0.565,-0.429,-0.473,-0.645,-0.620,-0.735,-0.566,-0.535,-0.564,-0.362,-0.389,-0.433,-0.317,-0.504,-0.371,-0.116,0.032,0.017,0.035,4.411,119.459,590.902,1014.358,471.726,62.372,2.205,1.205,1.473,1.393,2.111,2.609,2.644,2.972,3.648,3.304,4.329,3.756,5.349,5.166,6.197,7.472,6.996,7.388,7.922,7.906,8.413,9.391,10.739,10.568,12.753,13.258,13.950,13.167,12.798,13.236,12.501,11.904,12.544,12.369,12.689,13.599,13.964,13.333,12.824,12.790,14.166,13.347,13.133,13.116,11.793,12.442,13.830,13.306,13.595,11.562,12.340,11.455,12.620,12.365,11.984,12.169,10.510,10.478,10.839,10.593,9.851,9.463,9.779,9.313,9.663,9.774,8.623,8.411,8.009,7.503,7.318,7.235,7.225,7.325,6.241,6.252,6.121,5.321,4.819,5.407,5.716,4.269,5.110,4.419,4.186,4.362,3.953,3.476,3.282,3.866,3.164,3.278,2.589,2.966,3.125,2.463,2.468,2.262,2.258,2.297,2.203,1.622,2.432,1.340,1.190,1.807,1.504,1.433,
385,-5.249,-3.033,-3.395,-3.183,-2.229,-2.374,-1.804,-1.236,-2.091,-1.767,-1.569,-1.485,-1.196,-1.169,-1.201,-1.118,-1.003,-1.210,-1.049,-0.839,-1.148,-1.041,-0.972,-0.934,-1.048,-1.211,-0.898,-0.553,-1.019,-1.041,-0.780,-0.440,-0.501,-0.797,-0.876,-0.725,-0.697,-0.618,-0.582,-0.638,-0.561,-0.755,-0.775,-0.520,-0.682,-0.275,-0.791,-0.593,-0.536,-0.431,-0.513,-0.480,-0.585,-0.366,-0.296,-0.462,-0.182,-0.445,-0.438,-0.276,-0.029,-0.256,0.029,0.149,0.376,17.981,266.251,835.587,854.351,232.226,16.371,1.386,1.245,1.187,1.602,1.749,2.098,2.648,2.810,3.204,3.563,3.268,4.715,4.385,4.705,5.584,6.109,6.024,6.795,7.251,7.189,7.392,7.466,8.854,10.650,11.228,11.995,13.546,11.873,11.836,10.747,11.488,11.283,12.091,11.245,11.585,12.502,12.046,11.575,11.186,11.611,12.641,11.838,12.324,10.074,11.199,10.427,10.137,10.902,10.852,10.571,10.575,10.164,8.768,9.401,9.897,10.234,8.588,9.300,8.714,9.059,8.929,7.393,8.201,7.703,6.869,6.913,7.869,6.648,5.780,5.883,6.302,5.614,5.975,5.467,5.214,5.118,5.735,5.061,4.413,4.522,3.965,4.173,4.042,3.752,3.497,3.052,2.852,3.434,2.379,2.330,2.484,2.642,2.129,2.856,2.622,1.340,1.546,1.024,1.556,0.868,1.374,1.045,1.047,1.652,0.458,
390,-3.990,-3.491,-2.819,-2.998,-2.559,-1.919,-2.248,-2.069,-2.013,-1.851,-1.333,-1.154,-1.359,-1.159,-0.943,-1.219,-1.099,-0.793,-0.814,-0.779,-1.053,-1.132,-1.039,-0.892,-0.754,-1.129,-0.969,-0.678,-0.847,-0.893,-0.676,-0.611,-0.825,-0.582,-0.839,-0.647,-0.425,-0.867,-0.565,-0.698,-0.732,-0.787,-0.302,-0.463,-0.427,-0.592,-0.549,-0.487,-0.313,-0.516,-0.420,-0.594,-0.374,-0.378,-0.406,-0.309,-0.326,-0.189,-0.203,-0.387,-0.251,-0.206,-0.116,0.186,-0.030,-0.230,0.227,3.937,94.880,563.578,956.278,478.988,55.555,2.614,0.782,0.926,1.211,2.168,2.341,2.120,2.208,2.264,2.975,2.793,4.093,4.258,4.034,4.821,4.944,5.419,5.526,5.512,6.085,7.231,7.049,7.059,7.686,8.450,10.251,11.563,10.969,10.277,11.181,9.501,9.926,9.910,9.307,9.577,10.171,9.815,10.200,9.409,9.193,9.970,9.624,9.833,9.044,10.004,9.125,8.420,8.659,9.599,8.147,8.381,7.668,8.925,7.850,8.335,8.100,8.122,8.159,7.673,7.325,6.235,6.291,6.830,6.845,5.785,6.079,5.801,6.336,5.696,5.141,5.411,4.769,4.391,5.136,4.172,4.330,5.332,4.490,4.264,3.190,3.054,2.945,3.093,2.938,2.575,2.633,3.212,1.983,2.909,2.544,2.014,2.054,1.856,2.144,1.751,1.286,1.460,1.927,1.930,0.388,1.057,1.730,1.457,
395,-4.430,-2.650,-2.392,-2.281,-2.135,-1.741,-1.658,-1.368,-1.732,-1.780,-0.737,-1.112,-1.075,-0.697,-1.412,-0.810,-1.034,-0.952,-0.810,-1.100,-0.712,-0.720,-0.681,-0.902,-0.989,-1.031,-0.821,-0.954,-0.757,-0.752,-0.612,-0.644,-0.458,-0.616,-0.696,-0.642,-0.380,-0.592,-0.636,-0.743,-0.257,-0.622,-0.464,-0.396,-0.467,-0.480,-0.526,-0.650,-0.563,-0.341,-0.387,-0.548,-0.426,-0.350,-0.307,-0.399,-0.294,-0.432,-0.437,-0.236,-0.193,-0.386,-0.248,-0.289,-0.128,-0.065,-0.256,-0.054,-0.058,1.069,20.657,244.630,830.680,776.737,193.371,9.234,0.909,0.763,0.942,1.469,1.760,1.309,2.145,2.284,2.496,2.820,2.814,3.185,3.813,3.687,4.105,4.525,5.493,5.139,5.336,5.194,6.030,5.746,6.204,7.330,6.594,8.352,8.712,9.978,8.701,8.692,8.252,8.098,8.510,7.783,7.449,8.177,7.843,8.639,8.074,7.490,7.897,8.253,7.789,7.053,7.304,8.456,7.471,7.758,8.024,7.671,7.295,6.643,6.959,6.673,6.341,6.072,6.778,6.760,5.608,5.217,5.433,5.760,5.852,4.952,5.107,5.006,4.636,4.014,4.347,4.154,4.832,4.262,3.813,3.740,3.755,2.937,2.670,3.201,3.213,2.935,2.588,2.738,2.275,1.638,2.515,2.636,1.395,1.815,1.391,1.927,0.978,1.798,1.167,1.016,1.248,1.317,1.016,1.171,1.530,1.404,
400,-3.410,-2.779,-1.898,-1.607,-1.621,-1.760,-1.943,-1.571,-1.948,-1.425,-1.666,-1.245,-0.932,-1.248,-1.111,-0.786,-0.974,-1.109,-0.723,-0.666,-0.910,-0.806,-0.784,-0.476,-0.252,-0.580,-0.681,-0.714,-0.818,-0.552,-0.591,-0.646,-0.803,-0.598,-0.739,-0.537,-0.491,-0.595,-0.742,-0.551,-0.463,-0.499,-0.628,-0.599,-0.389,-0.441,-0.256,-0.501,-0.456,-0.674,-0.465,-0.543,-0.483,-0.468,-0.609,-0.416,-0.332,-0.410,-0.227,-0.258,-0.341,-0.412,-0.253,-0.146,-0.224,-0.308,-0.222,-0.246,0.018,0.191,0.073,-0.100,3.149,70.936,486.619,851.111,449.758,56.160,2.309,0.786,1.023,1.699,1.550,1.734,1.577,1.478,1.815,1.806,1.907,2.361,2.727,3.208,3.870,3.363,3.518,4.293,4.593,4.998,5.015,5.339,5.517,5.093,6.683,5.362,6.205,7.376,7.722,7.956,7.213,7.435,7.213,7.664,6.303,7.175,6.397,6.999,6.704,6.700,7.324,8.089,6.035,6.392,6.630,6.309,6.620,6.462,5.282,5.645,6.813,5.367,5.492,5.285,5.754,5.260,5.426,5.783,5.046,4.849,4.645,4.095,4.653,4.462,4.278,4.037,3.828,3.783,3.206,3.537,3.715,3.689,3.507,3.758,2.283,1.917,2.895,2.080,2.490,2.165,1.869,2.316,2.302,2.385,1.720,1.639,1.821,1.296,1.748,0.535,1.116,0.785,1.364,0.886,0.824,1.107,0.863,0.820,
405,-3.742,-2.622,-2.866,-2.749,-2.294,-1.605,-1.864,-1.520,-1.346,-1.312,-0.983,-1.085,-1.281,-1.198,-1.159,-0.620,-1.141,-0.864,-0.853,-1.004,-0.596,-0.440,-1.105,-0.634,-0.972,-0.560,-0.857,-1.024,-0.687,-0.419,-0.627,-0.697,-0.508,-0.553,-0.353,-0.466,-0.756,-0.714,-0.467,-0.473,-0.397,-0.695,-0.458,-0.674,-0.515,-0.360,-0.246,-0.689,-0.398,-0.276,-0.186,-0.378,-0.270,-0.537,-0.555,-0.360,-0.242,-0.408,-0.474,-0.308,-0.295,-0.332,-0.136,-0.324,-0.307,-0.115,-0.270,0.039,-0.221,-0.020,0.034,-0.136,0.042,0.040,0.885,31.029,262.650,774.158,605.455,132.018,5.846,0.871,0.624,1.204,1.121,1.381,1.296,1.776,1.523,2.328,2.028,2.045,2.841,3.213,3.091,3.561,4.406,3.840,4.252,4.896,4.153,4.558,5.094,4.761,4.950,5.266,6.095,6.166,7.156,7.401,7.974,6.744,6.659,6.514,6.094,6.626,6.003,5.877,5.661,7.243,6.373,6.223,6.066,6.257,6.467,6.561,6.220,6.360,5.867,5.486,5.869,5.761,5.406,5.671,5.029,4.551,5.035,4.977,4.874,4.305,4.112,3.904,4.140,4.528,4.343,3.293,4.053,3.858,3.559,3.065,3.180,2.898,2.781,2.303,2.229,2.521,1.968,2.354,2.754,1.925,2.041,2.428,2.039,2.104,1.545,1.270,1.484,1.200,0.994,1.039,1.389,1.275,0.610,0.822,0.891,0.368,
410,-4.451,-3.402,-3.001,-1.683,-1.485,-2.112,-1.375,-1.319,-1.912,-1.181,-1.651,-1.024,-0.896,-1.092,-1.047,-1.066,-0.690,-0.877,-0.650,-1.026,-1.204,-0.976,-0.773,-0.656,-0.977,-0.769,-0.735,-0.882,-0.729,-0.754,-0.640,-0.790,-0.662,-0.562,-0.339,-0.630,-0.495,-0.681,-0.388,-0.570,-0.481,-0.348,-0.433,-0.257,-0.347,-0.530,-0.349,-0.134,-0.500,-0.403,-0.315,-0.383,-0.458,-0.315,-0.184,-0.543,-0.380,-0.500,-0.343,-0.415,-0.380,-0.297,-0.432,-0.070,-0.261,-0.132,-0.150,-0.296,-0.278,-0.232,-0.178,-0.143,-0.097,0.154,-0.140,0.074,0.172,3.778,110.098,524.557,761.264,305.255,29.813,1.304,0.868,0.904,0.736,1.741,1.574,1.594,1.448,1.962,2.328,2.508,2.420,3.007,3.176,3.330,2.980,3.757,3.490,4.379,4.375,4.310,4.693,4.733,5.672,5.357,5.223,5.303,6.727,6.907,7.290,7.377,6.639,6.734,6.511,5.410,5.925,5.933,5.879,5.385,5.901,5.241,6.268,5.761,6.278,4.434,4.879,5.658,5.396,5.654,5.808,5.185,4.612,4.713,4.672,4.283,4.653,3.885,4.445,4.253,3.739,4.154,3.366,4.248,3.888,3.614,4.047,3.674,3.233,3.108,3.382,2.789,2.848,2.294,2.473,2.238,2.093,1.788,1.921,1.520,1.661,1.962,1.922,2.287,1.238,1.631,1.547,1.539,1.148,1.562,0.811,0.618,0.797,0.912,
415,-2.720,-2.953,-2.252,-2.685,-2.385,-1.879,-1.520,-1.328,-1.800,-1.390,-0.875,-0.909,-1.004,-1.141,-0.901,-0.898,-1.065,-1.091,-0.715,-0.784,-0.813,-0.751,-0.673,-0.703,-0.722,-0.771,-0.748,-0.548,-0.817,-0.822,-0.447,-0.526,-0.573,-0.536,-0.494,-0.330,-0.515,-0.624,-0.498,-0.566,-0.239,-0.510,-0.279,-0.437,-0.460,-0.501,-0.313,-0.405,-0.464,-0.439,-0.389,-0.291,-0.204,-0.294,-0.303,-0.472,-0.447,-0.341,-0.159,-0.474,-0.448,-0.441,-0.365,-0.485,-0.207,-0.235,-0.186,-0.330,-0.210,-0.257,-0.193,-0.215,-0.148,-0.106,-0.233,-0.342,-0.005,-0.015,-0.148,0.775,24.608,262.237,675.396,515.409,111.027,5.404,0.710,0.693,0.596,1.156,0.853,1.340,1.723,1.899,1.642,2.012,2.259,2.399,2.900,3.182,3.257,3.287,3.715,4.056,3.730,3.814,3.349,4.539,3.996,4.983,5.041,4.968,5.205,5.794,5.846,6.065,6.276,6.282,6.311,6.696,6.030,5.034,4.762,5.664,5.854,6.069,4.575,5.346,5.406,5.133,4.751,4.543,5.106,5.081,4.495,4.180,4.715,4.444,4.137,4.350,2.852,4.663,3.361,3.758,3.975,3.723,3.129,3.429,3.321,3.290,2.960,2.504,2.950,2.976,3.767,1.993,1.919,1.870,2.277,2.499,2.372,1.553,1.706,2.133,1.751,1.646,1.368,1.326,0.884,1.476,0.765,1.230,0.316,0.658,0.996,1.281,
420,-3.348,-2.871,-2.506,-2.102,-1.618,-1.695,-1.392,-1.667,-1.644,-1.407,-1.485,-1.117,-1.109,-1.156,-1.003,-0.924,-0.758,-1.032,-0.948,-0.758,-0.886,-0.592,-0.533,-0.390,-0.577,-0.599,-0.972,-0.508,-0.543,-0.563,-0.561,-0.553,-0.388,-0.453,-0.449,-0.518,-0.325,-0.320,-0.572,-0.530,-0.562,-0.342,-0.456,-0.416,-0.215,-0.442,-0.305,-0.190,-0.383,-0.430,-0.338,-0.383,-0.325,-0.380,-0.210,-0.305,-0.219,-0.400,-0.172,-0.058,-0.302,-0.413,-0.292,-0.355,-0.378,-0.287,-0.315,-0.081,-0.310,-0.318,-0.044,-0.231,-0.046,-0.115,-0.170,-0.225,-0.164,-0.304,-0.204,-0.102,-0.059,0.237,6.381,117.252,490.259,608.508,204.494,14.339,1.089,0.613,0.754,1.050,1.219,1.005,1.445,1.084,1.300,1.664,1.904,2.249,2.473,2.544,2.810,2.610,3.526,3.217,3.943,3.320,3.881,3.378,3.874,4.151,3.912,3.835,4.297,4.528,4.822,4.861,5.187,5.362,6.383,5.908,5.636,4.957,4.675,4.328,4.938,4.759,4.912,4.588,4.503,4.753,4.597,4.339,3.925,4.129,4.339,3.476,3.603,3.370,4.459,3.564,3.854,3.498,3.431,3.472,3.526,2.832,3.438,2.880,2.673,2.995,2.163,2.172,2.371,2.106,2.348,2.019,1.984,2.084,1.729,2.301,2.270,2.018,1.388,1.318,0.841,1.578,1.412,1.307,0.857,0.882,1.064,1.016,0.749,1.075,
425,-3.725,-2.455,-2.749,-2.048,-1.972,-1.354,-1.288,-1.439,-1.413,-1.279,-1.491,-1.079,-1.062,-0.983,-1.052,-0.816,-0.844,-0.829,-0.825,-0.459,-0.802,-0.705,-0.811,-0.710,-0.405,-0.583,-0.423,-0.628,-0.813,-0.496,-0.646,-0.606,-0.540,-0.599,-0.645,-0.464,-0.437,-0.168,-0.525,-0.491,-0.548,-0.415,-0.154,-0.391,-0.348,-0.295,-0.155,-0.488,-0.223,-0.439,-0.299,-0.293,-0.411,-0.401,-0.291,-0.022,-0.422,-0.303,-0.405,-0.436,-0.375,-0.386,-0.231,-0.315,-0.263,-0.229,-0.263,-0.145,-0.314,-0.096,-0.280,-0.001,-0.315,-0.360,-0.159,-0.017,-0.413,-0.229,-0.144,-0.181,0.014,-0.203,-0.151,-0.206,1.099,26.541,228.637,552.604,396.207,70.496,3.125,0.820,0.536,0.730,1.133,1.307,0.950,1.047,1.226,1.653,1.536,2.016,2.189,2.244,2.405,2.708,2.470,2.850,2.844,3.002,3.354,2.894,3.033,3.560,3.115,3.770,3.818,4.658,3.690,4.076,4.331,4.675,4.419,4.761,4.268,4.556,4.501,4.316,3.728,4.608,4.379,4.625,3.827,3.840,3.513,3.528,3.520,3.472,3.092,2.876,3.332,3.515,3.009,2.756,2.994,3.095,3.219,3.038,2.825,2.323,2.339,2.710,2.130,2.043,2.458,1.923,2.307,1.571,1.200,2.188,1.560,1.511,1.596,1.216,1.111,1.002,0.950,1.176,1.015,1.057,0.955,0.579,0.829,0.708,0.965,0.962,
430,-2.841,-1.859,-2.039,-1.391,-1.982,-1.544,-1.040,-1.433,-0.990,-0.799,-0.969,-0.941,-0.926,-1.045,-0.629,-1.182,-0.610,-0.722,-0.663,-0.664,-0.759,-0.644,-0.663,-0.379,-0.825,-0.838,-0.512,-0.469,-0.512,-0.593,-0.582,-0.448,-0.456,-0.421,-0.488,-0.443,-0.577,-0.358,-0.309,-0.435,-0.061,-0.283,-0.335,-0.287,-0.378,-0.308,-0.382,-0.279,-0.364,-0.427,-0.284,-0.111,-0.402,-0.269,-0.379,-0.310,-0.228,-0.246,-0.299,-0.186,-0.334,-0.242,-0.091,-0.103,-0.019,-0.227,-0.243,-0.251,-0.273,-0.226,-0.150,-0.098,-0.132,-0.273,-0.163,-0.048,-0.011,-0.185,-0.205,-0.108,-0.069,-0.007,-0.118,0.018,-0.248,-0.026,-0.013,5.130,67.218,341.946,459.768,192.035,19.524,0.707,0.721,0.716,0.840,0.643,1.065,0.905,1.135,1.131,1.453,1.677,1.398,1.673,1.742,2.417,2.407,2.617,2.438,2.403,2.414,2.959,2.568,3.073,2.811,3.212,3.085,3.264,3.050,3.371,3.179,3.311,3.772,3.801,4.078,4.322,3.752,4.229,3.549,3.878,3.221,3.774,3.038,3.162,2.964,3.826,2.716,2.778,2.873,3.021,3.292,3.127,2.673,2.455,2.943,2.441,2.154,2.472,2.005,2.570,1.968,1.832,1.792,2.266,1.857,2.180,1.574,2.003,1.390,1.861,1.752,1.460,1.497,1.609,0.948,0.941,1.428,1.078,1.155,1.100,1.001,0.375,0.169,0.668,
435,-2.292,-2.720,-1.524,-1.852,-1.530,-1.884,-1.333,-1.107,-1.012,-1.297,-0.651,-0.775,-0.615,-1.076,-0.529,-0.742,-0.901,-0.564,-0.574,-0.575,-0.661,-0.476,-0.676,-0.712,0.023,-0.440,-0.523,-0.571,-0.464,-0.504,-0.486,-0.556,-0.414,-0.501,-0.458,-0.418,-0.383,-0.398,-0.263,-0.399,-0.314,-0.168,-0.044,-0.316,-0.216,-0.397,-0.317,-0.248,-0.370,-0.360,-0.490,-0.362,-0.241,-0.303,-0.251,-0.303,-0.409,-0.302,-0.195,-0.277,-0.301,-0.418,-0.277,-0.159,-0.172,-0.299,-0.172,-0.217,-0.249,-0.227,-0.204,-0.265,-0.103,-0.143,-0.263,-0.170,-0.137,-0.226,-0.400,-0.148,-0.139,-0.221,-0.136,-0.208,-0.096,0.002,0.038,-0.067,0.058,0.838,25.058,169.766,410.538,288.923,60.220,2.945,0.578,0.378,0.997,0.912,0.920,0.721,0.814,1.295,1.090,1.335,1.501,1.474,1.973,1.659,1.778,1.875,2.437,2.322,2.404,2.620,2.506,2.366,2.651,2.716,2.952,2.962,2.623,3.026,2.717,2.775,3.199,3.272,3.183,3.813,4.183,3.395,2.827,3.485,2.837,2.693,3.072,2.757,2.885,2.523,2.394,2.639,2.467,2.492,2.904,2.133,2.596,2.155,2.043,2.178,2.039,2.143,1.821,2.300,1.421,2.082,1.656,1.932,1.605,1.130,1.422,1.435,1.317,1.015,1.225,1.069,1.198,1.425,1.019,0.699,0.662,0.525,1.068,0.457,0.033,0.336,
440,-2.797,-2.291,-1.968,-1.348,-1.398,-1.249,-1.162,-1.103,-1.080,-1.115,-0.807,-0.906,-0.675,-0.729,-0.442,-0.788,-0.611,-0.827,-0.603,-0.785,-0.578,-0.618,-0.425,-0.514,-0.496,-0.571,-0.631,-0.360,-0.432,-0.589,-0.480,-0.412,-0.337,-0.422,-0.389,-0.420,-0.311,-0.232,-0.267,-0.332,-0.448,-0.335,-0.220,-0.275,-0.234,-0.316,-0.323,-0.232,-0.353,-0.280,-0.370,-0.208,-0.248,-0.252,-0.309,-0.218,-0.249,0.012,-0.238,-0.154,-0.277,-0.327,-0.248,-0.135,-0.099,-0.302,-0.246,-0.244,-0.321,-0.237,-0.161,-0.352,-0.263,-0.183,-0.275,-0.207,-0.045,-0.322,-0.214,-0.178,-0.061,-0.286,-0.094,-0.282,-0.148,-0.170,0.046,-0.035,-0.121,-0.115,0.018,0.012,3.270,62.923,267.625,383.899,154.506,17.576,0.954,0.527,0.519,0.766,0.556,0.972,0.862,0.858,1.053,1.032,1.118,1.424,1.583,2.043,1.735,1.726,1.809,2.184,1.992,2.493,2.156,2.122,2.072,1.988,2.333,2.611,2.226,2.418,2.553,2.349,2.806,2.891,2.364,2.559,3.191,3.073,3.646,2.938,3.178,3.047,2.590,2.461,2.273,2.371,2.256,2.558,2.415,2.077,2.073,2.533,2.097,1.902,1.878,1.701,1.779,1.963,1.989,1.872,1.558,1.539,1.285,1.576,1.149,0.862,1.647,1.133,1.018,0.871,0.829,0.733,0.647,0.479,0.640,0.679,1.257,0.764,0.695,0.782,
445,-2.162,-2.304,-1.722,-1.605,-0.840,-1.327,-1.004,-0.863,-1.261,-0.355,-1.166,-0.780,-0.985,-0.754,-0.751,-0.568,-0.718,-0.400,-0.684,-0.314,-0.701,-0.636,-0.503,-0.425,-0.480,-0.603,-0.457,-0.502,-0.395,-0.372,-0.382,-0.510,-0.349,-0.528,-0.485,-0.363,-0.230,-0.278,-0.215,-0.298,-0.337,-0.298,-0.252,-0.323,-0.247,-0.023,-0.280,-0.167,-0.041,-0.326,-0.245,-0.265,-0.190,-0.367,-0.247,-0.107,-0.254,-0.250,-0.251,-0.304,-0.244,-0.157,-0.255,-0.130,-0.234,-0.167,-0.203,-0.137,-0.236,-0.147,-0.299,-0.032,-0.139,-0.164,-0.164,-0.181,-0.134,-0.034,-0.207,-0.112,-0.159,-0.178,-0.181,0.019,-0.203,-0.196,-0.375,-0.076,-0.084,-0.097,-0.136,0.015,-0.005,0.083,0.258,11.714,127.768,332.452,282.626,65.065,3.968,0.923,0.491,0.590,1.070,0.489,0.991,0.912,0.943,0.958,1.157,0.850,1.507,1.378,1.422,1.466,1.808,1.764,1.811,1.822,2.139,2.448,1.956,1.867,2.145,2.045,1.890,2.235,2.510,2.599,2.332,2.201,1.862,2.304,2.583,2.305,3.115,2.225,2.919,2.737,2.305,2.150,2.039,1.789,2.075,2.050,1.507,1.816,2.087,1.941,1.810,1.760,1.486,1.462,1.655,1.385,1.171,1.112,1.364,1.072,1.180,1.114,1.348,0.577,1.012,0.909,0.965,0.692,0.608,0.487,0.318,0.707,0.259,0.311,0.540,0.323,
450,-2.397,-1.940,-1.294,-0.669,-0.892,-1.035,-0.973,-0.732,-0.744,-0.824,-0.729,-0.531,-0.746,-0.695,-0.583,-0.627,-0.622,-0.535,-0.576,-0.581,-0.445,-0.191,-0.455,-0.365,-0.449,-0.271,-0.305,-0.323,-0.452,-0.416,-0.285,-0.261,-0.466,-0.376,-0.401,-0.251,-0.154,-0.166,-0.077,-0.268,-0.048,-0.202,-0.076,-0.289,-0.070,-0.234,-0.080,-0.126,-0.217,-0.066,-0.198,-0.171,-0.150,-0.164,-0.249,-0.160,-0.206,-0.125,-0.184,-0.302,-0.165,-0.124,-0.167,-0.130,-0.171,-0.195,-0.139,-0.124,-0.205,-0.188,-0.169,-0.081,-0.209,-0.093,-0.155,-0.274,-0.221,-0.256,-0.207,-0.104,-0.256,0.133,-0.143,-0.236,-0.262,-0.086,-0.175,0.008,-0.157,0.009,-0.056,-0.087,0.048,0.175,0.051,-0.070,0.053,2.394,40.834,222.382,342.104,150.219,15.464,0.990,0.653,0.393,0.824,0.807,0.574,0.843,0.942,0.943,0.971,0.960,1.264,1.337,1.588,1.437,1.466,1.467,1.774,1.642,1.353,1.680,1.676,1.969,1.640,2.063,1.922,2.108,1.940,1.644,2.046,2.186,2.096,1.950,2.048,1.827,2.239,2.443,2.531,2.489,2.159,2.491,2.063,2.490,1.727,1.812,1.618,1.596,1.412,1.501,1.589,1.823,1.074,1.298,0.983,1.502,1.235,1.326,1.541,1.038,1.013,1.238,0.864,0.794,0.495,0.723,1.135,0.658,0.500,0.516,0.686,0.335,0.762,0.454,
