"Summary"
"[Software Information]"
"Software Name:","LabSolutions RF"
"Version:","1.12"
"[Data Information]"
"Data is:","Modified"
"Sample Name:","SP02_240625"
"Sample ID"
"Option"
"Analyst"
"Date/Time:","30/07/2025 13:20:25"
"Comments"
"[Instrument Information]"
"Instrument Name:","Fluoro"
"Instrument Type:","RF-6000 Series"
"Model (S/N):","RF-6000 (A40245500667SA)"

"Parameter"
"[Measurement]"
"Spectrum Type:","3D"
"EX Wavelength Start:","240.0 nm"
"EX Wavelength End:","450.0 nm"
"Data Interval:","5.0 nm"
"EM Wavelength Start:","250.0 nm"
"EM Wavelength End:","600.0 nm"
"Data Interval:","2.0 nm"
"Scan Speed:","6000 nm/min"
"[Instrument]"
"EX Bandwidth:","3.0 nm"
"EM Bandwidth:","3.0 nm"
"Sensitivity:","High"
"[Attachment]"
"Attachment:","None"
"[Auto Print]"
"Auto Print:","No"
"Report File:",""

"SP02_240625.fs3f - CorrectionData"
"EX Wavelength/EM Wavelength",250,252,254,256,258,260,262,264,266,268,270,272,274,276,278,280,282,284,286,288,290,292,294,296,298,300,302,304,306,308,310,312,314,316,318,320,322,324,326,328,330,332,334,336,338,340,342,344,346,348,350,352,354,356,358,360,362,364,366,368,370,372,374,376,378,380,382,384,386,388,390,392,394,396,398,400,402,404,406,408,410,412,414,416,418,420,422,424,426,428,430,432,434,436,438,440,442,444,446,448,450,452,454,456,458,460,462,464,466,468,470,472,474,476,478,480,482,484,486,488,490,492,494,496,498,500,502,504,506,508,510,512,514,516,518,520,522,524,526,528,530,532,534,536,538,540,542,544,546,548,550,552,554,556,558,560,562,564,566,568,570,572,574,576,578,580,582,584,586,588,590,592,594,596,598,600,
240,-137.509,-157.011,-113.154,-74.722,-45.716,-46.409,-30.961,-61.736,-54.715,-56.241,-60.687,-50.516,-53.241,-41.120,-44.035,-56.212,-44.469,-37.184,-46.211,-38.607,-38.276,-38.867,-37.651,-30.576,-30.100,-35.015,-25.358,-25.639,-35.594,-22.519,-21.710,-29.088,-19.576,-13.303,6.185,0.503,11.223,21.775,22.460,17.581,19.517,28.099,33.429,33.546,53.584,52.201,23.234,45.713,25.863,28.624,37.912,43.551,38.416,27.589,34.519,24.728,33.299,20.155,23.880,22.694,26.619,21.435,25.246,18.016,36.369,14.809,24.660,14.723,10.578,32.020,17.324,17.535,18.371,32.263,24.275,11.262,16.601,14.081,7.693,14.091,14.085,24.818,23.328,18.975,11.137,26.855,19.472,16.147,5.169,13.425,24.236,13.128,15.879,10.359,13.227,7.595,12.334,20.151,5.013,14.738,24.584,17.786,13.966,17.181,21.012,22.599,10.121,6.160,16.869,15.367,1.052,11.127,38.694,145.522,348.176,561.450,514.676,276.568,62.615,16.866,4.686,10.569,-6.105,0.629,-5.415,-0.775,-6.530,3.281,-1.520,-11.446,-4.019,-12.087,-6.232,-5.340,-10.347,-4.542,3.614,-3.034,-11.252,-7.145,-10.378,-18.802,-16.561,-27.012,-22.427,-20.185,-14.654,-19.006,-19.866,-21.919,-18.089,-12.714,-22.330,-20.315,-13.945,-29.288,-32.194,-27.584,-4.313,-28.030,-28.748,-28.646,-24.413,-24.854,-26.164,-37.605,-34.333,-30.992,-34.651,-40.870,-31.138,-39.543,-30.251,-27.798,-36.106,-34.904,
245,-20.890,-101.740,-88.019,-76.586,-57.697,-58.324,-55.043,-35.599,-22.332,-28.529,-19.068,-34.248,-33.204,-44.921,-44.213,-41.384,-25.367,-29.670,-30.092,-31.011,-28.374,-27.538,-30.040,-23.775,-32.724,-25.515,-26.995,-30.094,-17.927,-22.354,-13.551,-18.393,-16.201,-9.854,1.152,5.410,20.459,26.748,18.991,21.105,13.303,30.940,34.793,40.995,41.680,60.594,46.537,41.987,36.783,39.597,32.420,34.362,24.787,35.993,43.589,41.233,39.003,39.586,39.007,24.880,40.641,33.892,34.042,21.460,22.888,22.732,28.190,26.253,41.172,26.984,28.721,29.756,23.162,14.308,24.810,19.311,19.297,25.572,25.686,19.133,14.628,20.718,16.325,23.380,26.167,19.721,20.644,19.631,28.299,28.021,27.467,16.781,23.252,28.502,20.316,21.934,14.562,21.881,24.371,25.944,21.908,16.235,16.791,14.917,14.681,20.312,16.170,21.884,6.477,9.419,12.856,5.008,2.929,5.635,4.008,8.357,18.011,57.990,149.707,304.302,410.995,326.901,191.782,54.057,20.839,4.174,3.058,-2.744,-4.366,-3.797,4.540,5.091,-6.989,-0.375,-7.304,0.127,-8.480,-0.181,1.918,-12.533,-4.725,0.258,8.653,-3.221,-6.472,-0.612,-11.526,-11.493,-3.249,-14.642,-7.960,-19.060,-19.854,-17.971,-11.606,-11.662,-17.377,-19.183,-8.203,-18.193,-21.477,-15.303,-14.895,-7.240,-19.410,-22.259,-26.735,-16.571,-27.989,-23.035,-22.206,-29.992,-24.726,-31.294,-35.838,-26.003,
250,3307.577,2014.865,316.760,-32.442,-40.857,-42.705,-35.322,-40.861,-42.631,-32.377,-7.856,10.189,-6.117,-9.329,-30.089,-21.478,-30.269,-29.455,-28.811,-24.701,-26.947,-26.983,-15.139,-17.013,-16.767,-12.567,-16.287,-19.016,-13.884,-17.961,-13.707,-10.990,-6.512,-3.217,0.922,10.976,13.164,5.221,17.848,23.203,14.953,28.714,33.142,36.570,35.922,32.382,33.915,37.061,28.491,29.062,24.860,42.226,39.495,28.649,40.571,33.942,24.911,34.197,28.597,25.169,17.719,25.842,23.735,27.040,22.201,24.423,20.200,25.779,21.381,18.964,16.344,15.770,28.520,22.236,22.891,14.516,27.143,22.938,30.367,24.518,27.625,22.309,28.263,27.670,31.470,21.391,29.012,21.622,21.712,27.111,22.965,28.256,24.524,31.385,22.670,26.457,20.041,24.533,19.350,24.017,26.529,20.105,21.699,25.992,20.280,27.079,24.281,16.445,14.588,19.767,14.678,17.904,13.641,12.592,11.359,17.810,12.958,16.337,12.559,14.860,23.680,13.385,30.270,138.241,309.339,412.427,349.991,180.194,50.848,18.138,3.503,-2.043,-1.444,-1.134,7.486,-3.173,-2.349,0.013,0.183,0.899,-0.785,-2.476,-5.182,-2.063,-6.679,-6.519,-1.564,5.407,-5.471,1.136,-2.689,-2.320,-6.022,-14.844,-8.612,-8.197,-14.829,-9.663,-5.224,-12.896,-15.878,-17.298,-18.644,-11.528,-19.147,-16.939,-17.549,-19.896,-14.194,-13.984,-12.573,-11.662,-23.239,-17.312,-17.831,-20.706,
255,41.556,923.006,2643.768,2382.237,809.791,45.560,-37.404,-26.568,-36.726,-35.058,-26.360,-29.787,-21.504,-6.320,14.031,13.262,-7.706,-18.968,-19.155,-17.417,-18.960,-17.021,-14.524,-13.493,-19.444,-14.657,-13.849,-17.334,-15.436,-15.950,-12.654,-14.943,-7.475,-3.401,-0.034,12.505,8.268,19.225,9.428,12.130,14.613,17.241,8.093,17.003,25.480,24.045,31.788,14.029,23.047,29.731,26.407,24.894,24.029,27.939,39.090,26.251,24.305,28.089,15.578,22.668,27.256,22.857,25.051,23.497,27.563,30.397,25.238,31.417,28.720,21.734,27.612,23.075,22.220,40.473,31.439,23.475,28.337,22.260,45.603,32.881,26.013,32.643,37.132,23.167,31.474,32.408,37.069,33.504,33.650,35.165,32.638,37.869,31.637,30.950,27.167,37.906,37.484,30.234,40.210,29.154,35.741,32.525,32.415,30.377,37.233,31.283,25.065,27.062,26.993,33.724,18.100,24.754,19.374,22.749,19.247,14.993,20.806,18.280,18.993,19.773,22.029,19.409,16.260,20.210,13.877,12.447,18.344,46.971,139.828,365.933,530.149,482.720,271.718,75.375,14.570,13.889,14.216,10.182,9.069,1.095,10.271,-2.267,-1.509,4.687,-2.363,-0.005,-2.317,-0.807,-0.836,-6.342,-4.022,1.401,1.936,6.504,-4.789,1.360,-2.395,-8.872,-6.013,-9.520,-9.188,-7.944,-6.523,-14.775,-19.385,-12.829,-7.905,-5.553,-14.014,-19.200,-16.395,-15.887,-19.653,-16.651,-18.582,-22.000,
260,-72.206,-71.005,-40.999,259.962,1409.260,2829.074,1801.625,350.674,-1.051,-21.378,-20.825,-15.898,-21.325,-16.821,-15.428,-14.100,7.241,27.931,16.367,8.306,-15.852,-15.092,-11.637,-9.664,-12.129,-8.350,-3.241,-12.172,-6.852,-3.584,-10.535,-4.206,-1.037,-1.903,-2.053,7.075,13.106,14.816,22.132,20.463,21.577,21.164,31.815,27.763,27.361,31.960,28.239,17.061,28.115,31.265,31.869,31.865,23.603,33.611,25.671,27.306,20.103,27.374,32.370,26.464,28.224,31.620,27.242,32.677,32.663,28.705,29.514,26.330,25.283,24.149,24.622,24.440,35.168,30.055,27.205,23.576,34.647,33.471,38.581,31.533,33.320,33.127,37.020,34.628,32.511,39.027,35.979,32.651,30.666,29.513,33.738,33.727,34.257,36.738,40.165,35.415,30.197,30.733,35.446,32.931,34.060,34.559,35.507,22.975,35.912,33.509,35.531,29.675,26.524,30.463,27.713,34.525,26.030,28.243,21.714,28.757,31.814,27.170,14.742,24.407,17.004,25.942,19.111,23.064,15.103,18.371,6.923,16.412,15.497,13.502,15.866,20.594,50.025,155.240,366.659,551.876,554.104,297.590,110.186,17.727,13.807,10.818,4.202,0.454,7.463,5.733,4.090,0.456,5.334,2.528,1.004,1.058,4.837,-5.073,5.863,-2.855,1.209,2.893,0.878,3.399,5.573,1.915,-3.498,0.700,-2.865,3.368,-1.240,-11.696,-4.652,-10.903,-10.317,-7.897,-14.350,-15.824,-9.582,-6.268,
265,-47.163,-47.552,-27.762,-34.318,-26.870,50.363,830.342,2503.191,2502.467,750.906,57.087,-12.855,-15.374,-12.239,-10.033,-13.816,-11.547,-11.949,-4.495,12.369,31.005,27.920,9.354,-5.175,-4.582,-3.438,-5.111,-1.625,-2.720,0.159,-4.984,0.245,2.641,3.177,13.354,17.022,18.071,20.556,27.806,23.736,34.834,28.736,31.938,34.203,44.682,37.938,33.759,39.169,29.283,32.088,28.713,37.909,36.640,35.793,35.412,33.230,20.249,24.471,28.519,34.014,28.625,26.907,30.868,25.874,23.773,29.114,31.053,33.709,28.392,23.811,25.090,27.294,29.170,25.488,22.770,22.589,37.038,24.478,23.329,33.222,32.476,26.984,30.540,30.346,34.331,29.936,31.783,29.198,28.114,29.574,33.078,35.525,31.612,31.739,31.355,35.214,29.370,30.976,27.795,37.515,31.040,32.093,27.401,32.647,27.634,29.117,26.610,28.075,30.251,25.859,28.159,24.327,25.661,27.567,24.617,23.892,22.961,26.949,24.854,26.517,19.387,15.975,18.602,20.478,23.934,19.710,17.090,21.829,18.699,15.619,13.697,12.251,15.821,16.084,15.840,13.943,16.801,51.375,181.965,454.626,599.879,525.165,260.928,86.311,20.382,9.522,5.636,4.713,2.982,7.419,1.797,4.481,6.708,0.611,3.355,2.705,-1.317,-0.661,8.130,-4.461,3.593,-2.884,0.462,1.511,1.461,10.331,2.495,3.544,2.247,0.775,-4.555,-3.139,-4.040,-7.026,-7.761,-2.242,
270,-40.786,-38.115,-24.668,-23.888,-22.599,-21.597,-19.417,-9.533,255.113,1574.484,2766.338,1546.732,307.922,7.069,-4.994,-12.554,-8.482,-6.558,-8.307,-6.690,-6.806,1.809,8.857,32.066,33.770,19.753,4.226,-2.135,1.928,0.668,1.165,2.234,10.428,6.153,13.355,26.395,31.424,31.539,36.812,26.088,35.914,34.321,45.187,45.663,47.241,50.360,47.946,39.673,48.078,39.815,41.482,45.381,37.921,39.468,36.765,38.889,36.793,35.168,32.196,32.477,32.455,30.080,26.976,34.418,29.844,29.577,30.570,33.006,30.828,28.396,24.032,26.718,31.384,29.745,25.626,25.092,26.444,23.747,27.171,22.352,29.314,30.445,35.442,32.213,25.101,38.710,33.510,33.181,35.840,28.380,31.476,30.933,33.671,31.047,29.190,29.019,34.830,28.146,26.754,29.361,34.886,29.611,32.489,27.415,27.149,29.706,30.124,32.624,28.558,28.932,25.268,26.442,26.234,28.438,23.736,27.939,19.167,22.623,25.414,25.724,25.796,20.284,19.446,22.255,22.979,18.710,14.897,14.698,18.375,14.377,20.612,16.913,13.888,13.074,15.792,12.746,9.508,10.700,11.878,11.978,9.422,13.621,44.484,165.884,442.586,654.755,571.971,327.940,89.736,13.354,7.863,9.754,6.177,0.949,-0.395,0.598,7.987,-1.640,5.452,3.886,1.703,-1.981,0.279,-1.144,3.157,-1.245,1.298,1.633,1.512,6.661,4.023,3.154,3.191,6.974,4.728,-4.164,
275,-32.784,-28.844,-28.279,-17.979,-11.069,-18.249,-14.105,-17.128,-11.922,-10.381,51.540,837.573,2420.778,2327.498,660.219,55.060,-4.893,-6.348,-0.781,-1.528,4.300,2.425,1.830,4.193,9.421,20.549,33.779,30.805,20.645,15.275,7.732,6.840,11.593,17.243,20.129,30.752,34.674,36.625,36.806,41.550,45.632,50.311,49.695,56.250,54.680,55.526,58.174,55.336,50.672,51.669,57.209,54.785,50.535,52.751,46.161,48.241,47.382,44.362,41.803,37.107,42.599,38.960,37.894,37.900,37.181,34.476,35.830,30.937,34.255,28.339,28.588,27.979,28.259,31.352,31.390,29.123,28.851,34.083,21.712,27.436,31.416,31.185,28.206,29.613,26.953,35.500,31.041,26.892,27.819,30.933,27.473,28.635,28.580,32.798,29.040,37.197,27.685,34.114,31.685,28.599,27.367,29.483,25.326,25.104,27.067,25.033,27.795,30.806,25.991,31.300,29.989,24.920,24.180,20.287,17.291,21.793,23.694,20.685,20.702,22.631,25.638,20.489,19.831,22.811,19.555,16.761,14.344,11.997,15.951,18.780,13.581,15.058,11.981,14.326,11.118,18.483,15.557,13.294,10.886,11.715,10.346,9.430,9.360,7.188,9.166,9.194,15.185,47.595,205.803,449.804,663.523,545.632,277.624,80.306,16.137,6.376,4.635,2.846,5.845,3.244,3.525,3.273,0.785,2.533,2.366,-0.737,3.425,2.612,0.306,-1.331,2.297,0.111,-4.701,-0.056,-1.711,6.484,
280,-25.113,-25.109,-21.842,-15.779,-16.348,-15.520,-15.790,-12.757,-10.685,-10.965,-11.096,-8.039,6.302,319.705,1844.898,2744.267,1292.246,174.534,1.158,-1.773,-0.113,1.313,0.985,2.678,5.360,4.638,11.918,14.647,23.594,25.371,31.725,23.356,24.196,19.473,32.910,35.680,44.690,50.351,54.617,51.253,53.346,57.695,65.968,70.900,72.599,70.291,65.579,65.080,71.337,60.205,61.481,55.227,62.915,65.039,55.990,54.594,54.128,50.245,48.482,41.447,50.932,40.743,41.845,39.880,41.949,38.339,33.521,32.293,30.459,36.158,31.060,38.710,28.303,30.728,30.971,29.119,34.112,32.254,34.905,31.064,31.242,28.571,27.684,31.380,31.272,30.243,30.195,29.871,28.677,27.664,34.660,32.513,27.646,27.242,27.486,28.015,25.364,30.631,28.391,28.746,28.593,25.272,29.367,30.559,29.503,27.014,24.608,28.068,27.204,26.095,23.920,24.062,22.742,22.942,20.832,21.802,24.058,21.485,20.664,21.602,22.010,19.402,19.961,19.221,20.409,15.074,18.172,16.641,18.084,15.445,16.723,17.635,16.760,13.386,14.772,11.561,12.903,10.102,12.438,11.101,11.456,11.411,8.862,7.966,10.047,7.902,10.442,8.637,4.898,5.927,10.257,15.086,67.077,250.921,512.146,671.219,530.360,260.442,68.849,10.118,6.337,2.491,2.761,4.952,3.799,5.824,2.988,3.239,-0.166,0.313,-0.458,2.365,1.825,0.099,1.852,1.594,
285,-21.995,-24.497,-13.522,-11.715,-10.997,-12.249,-14.289,-12.398,-10.130,-9.362,-8.001,-7.639,-8.076,-5.439,-3.068,47.397,790.134,2534.143,2335.052,606.904,44.795,3.193,-0.503,2.634,3.254,7.107,11.346,6.826,10.374,9.040,12.131,23.737,34.498,53.633,52.606,52.015,57.152,58.429,67.408,66.556,70.093,74.226,81.201,84.725,87.497,93.592,89.350,85.032,85.367,81.108,74.711,82.031,87.572,80.226,81.108,72.132,68.693,67.752,62.073,56.903,55.536,59.628,57.645,51.446,47.487,48.889,50.834,40.794,41.870,38.617,38.827,34.487,35.966,35.823,38.772,35.315,38.638,34.337,32.943,30.962,32.501,31.265,32.768,32.688,30.813,31.877,35.828,31.511,32.514,30.547,31.356,33.791,27.253,27.536,30.270,28.073,24.507,33.484,25.660,27.702,28.629,27.805,28.110,22.068,26.715,27.260,26.049,28.672,27.714,20.650,23.481,20.767,25.590,21.031,20.156,19.588,21.138,17.439,21.338,21.283,19.111,17.617,19.043,18.238,16.063,18.427,18.370,20.296,16.433,16.663,15.273,13.974,12.785,14.427,16.186,11.252,13.926,13.493,11.661,9.454,8.001,8.842,9.983,10.082,9.514,8.080,10.195,6.867,8.501,4.844,5.958,4.334,7.503,5.302,5.006,5.039,12.683,61.468,208.703,460.854,682.083,611.048,318.226,103.103,13.594,5.262,2.904,3.253,1.105,2.994,2.940,4.728,1.836,2.860,1.490,-0.838,
290,-24.318,-16.660,-16.176,-14.421,-12.810,-10.561,-8.321,-7.978,-6.877,-9.068,-7.716,-8.570,-7.976,-5.534,-6.064,-4.940,-3.126,13.907,324.316,1807.677,2814.304,1457.475,171.588,7.562,4.966,1.968,3.580,5.825,6.487,7.043,9.320,11.565,16.001,28.303,50.544,82.369,92.128,91.935,92.055,81.333,83.738,90.491,102.613,108.804,128.774,112.038,111.896,107.769,102.214,103.813,108.324,106.003,104.933,90.838,99.217,84.349,83.156,79.233,77.372,72.061,68.451,67.243,67.633,62.741,58.852,54.635,53.461,52.571,49.501,49.379,48.657,43.234,43.805,41.982,41.021,41.299,37.547,37.603,37.217,37.445,37.194,34.691,37.613,34.651,34.582,35.225,33.440,35.752,31.488,33.568,31.564,33.976,31.604,30.896,28.851,27.992,33.187,28.274,30.590,28.669,25.605,29.077,25.761,25.334,31.031,24.124,26.335,26.561,27.167,22.736,22.210,25.767,24.772,22.848,21.211,18.670,20.344,21.765,22.812,21.738,18.090,16.856,18.232,19.928,20.179,20.197,15.940,14.850,15.540,14.520,18.600,15.127,13.152,17.360,12.635,11.700,13.753,10.850,13.171,10.405,8.786,11.780,9.561,8.309,6.761,10.219,6.985,6.463,5.267,7.467,6.249,2.445,4.285,3.522,5.958,3.162,3.374,4.732,2.362,6.322,1.657,14.361,75.881,219.374,509.223,694.540,618.838,301.758,78.336,9.001,3.527,3.768,2.986,-0.817,3.082,-0.132,
295,-21.466,-13.634,-15.108,-10.446,-4.760,-8.997,-7.585,-7.780,-10.533,-6.925,-5.406,-6.453,-3.773,-5.108,-4.292,-1.499,-3.050,-2.657,-1.746,-2.895,95.994,884.448,2703.088,2153.335,572.332,36.058,1.444,1.868,3.094,4.753,5.545,7.761,9.667,21.768,47.549,67.016,80.205,92.848,103.483,109.206,100.998,111.669,111.771,130.377,122.459,135.448,123.812,121.459,126.045,117.210,114.168,116.252,105.847,109.318,106.457,98.407,87.744,89.444,83.391,79.816,76.786,77.198,70.803,67.300,67.516,64.455,64.771,57.498,54.992,56.810,52.505,46.534,45.158,42.009,42.690,44.069,46.340,41.163,42.359,32.833,41.014,35.104,37.050,37.245,36.979,38.888,34.354,34.270,35.178,30.306,32.840,32.211,31.328,31.482,32.542,28.518,31.151,31.898,35.089,27.576,28.864,30.327,26.950,29.226,25.132,27.611,27.024,25.048,20.884,23.397,25.065,21.413,25.071,22.188,21.455,21.915,22.247,20.074,19.426,20.244,20.253,20.606,20.761,13.959,15.119,16.032,16.589,15.024,14.449,14.969,15.292,14.813,15.747,12.806,13.317,9.694,11.568,10.329,12.112,8.185,7.904,8.985,10.632,6.641,6.799,10.590,8.595,7.666,9.823,8.089,4.388,6.337,6.028,4.154,3.822,5.357,4.728,4.193,4.441,4.644,4.305,2.322,3.635,-0.153,2.564,4.063,13.137,71.612,256.174,511.039,674.160,528.130,259.078,64.944,5.902,2.381,
300,-19.817,-15.616,-12.456,-8.969,-10.355,-7.752,-8.302,-9.480,-5.604,-6.568,-5.858,-5.113,-4.799,-3.947,-4.453,-5.035,-4.131,-3.097,-1.647,-2.176,-2.014,-2.616,10.312,228.115,1456.002,2735.338,1364.645,228.206,7.259,2.579,4.792,4.560,8.990,21.699,48.674,62.443,74.836,81.198,89.440,93.965,105.832,128.894,142.513,147.222,145.841,142.710,131.196,123.896,128.722,124.790,115.901,124.139,123.007,115.270,112.366,110.029,97.655,95.918,89.190,84.435,80.377,80.560,78.048,76.767,65.976,68.289,61.625,61.429,56.558,56.969,54.150,51.070,50.845,47.532,51.224,44.615,46.298,41.274,43.878,40.170,41.241,43.833,35.317,39.441,38.964,37.489,36.988,37.966,32.749,35.189,34.871,33.056,33.825,34.168,31.251,35.307,33.458,29.799,31.226,31.504,30.469,31.668,28.191,28.569,24.654,26.135,25.524,24.181,24.585,23.985,23.850,20.584,23.672,22.415,23.259,23.175,21.988,22.921,21.170,20.171,19.699,16.363,17.164,17.054,15.195,16.240,15.311,14.462,13.492,14.643,14.772,11.427,13.591,11.753,11.735,9.258,10.793,11.088,9.712,13.028,11.295,8.735,9.080,8.405,8.352,8.280,8.405,7.512,6.985,7.264,4.597,2.898,4.573,5.519,4.619,5.460,4.626,6.521,1.729,2.815,4.484,2.473,2.709,3.267,3.177,3.663,2.392,-0.255,0.882,3.123,1.000,11.664,65.409,207.959,490.569,645.249,
305,-12.851,-13.726,-12.037,-7.739,-8.178,-8.542,-6.393,-6.692,-4.851,-6.064,-3.257,-6.150,-4.269,-5.613,-3.571,-4.289,-2.743,-3.232,-3.203,-2.898,-3.717,-2.481,-2.484,-2.289,0.092,67.935,783.406,2341.940,2054.998,582.457,35.016,5.872,10.795,20.655,38.572,56.130,71.548,84.476,85.065,87.749,90.265,100.809,123.758,131.878,150.790,146.845,143.941,134.841,124.654,118.422,113.535,120.863,111.071,115.269,108.037,106.515,102.087,88.146,89.960,82.363,81.215,81.060,75.507,74.399,70.345,64.914,65.852,64.390,56.549,52.306,53.998,50.665,46.604,47.742,49.989,45.315,44.015,44.447,44.758,45.591,43.774,40.643,39.104,40.681,35.744,39.096,37.198,39.352,37.393,34.882,33.691,33.804,35.170,33.141,32.819,32.627,31.725,33.303,31.677,32.785,29.100,29.757,27.042,30.234,26.593,24.449,26.615,25.960,22.543,24.933,24.690,26.140,21.771,25.079,21.281,20.972,20.897,21.487,18.483,18.205,19.774,15.818,16.134,17.576,17.791,15.447,15.095,15.445,14.099,13.818,14.126,12.735,10.465,11.683,10.968,10.442,10.641,11.428,8.722,9.531,10.478,9.899,8.351,6.541,9.619,7.634,7.273,7.620,7.063,5.249,6.464,4.107,3.890,6.780,5.221,5.464,2.734,8.191,0.912,2.788,4.056,2.665,3.445,3.023,2.577,3.473,2.949,1.441,2.196,0.041,0.671,2.589,2.148,0.544,-1.157,4.257,
310,-12.587,-11.813,-8.896,-9.584,-6.785,-5.410,-5.119,-6.767,-5.137,-4.836,-5.312,-4.908,-4.466,-4.840,-3.316,-3.383,-2.431,-2.259,-2.746,-2.032,-2.307,-1.594,-2.152,-2.016,-1.914,-0.087,0.012,5.444,269.431,1447.944,2469.891,1161.531,171.492,20.228,31.599,48.663,59.774,60.984,68.567,60.909,71.173,79.740,90.447,104.999,101.637,111.709,101.433,109.354,108.757,103.509,101.242,92.603,97.207,86.121,85.007,84.282,79.223,71.754,72.218,67.936,64.522,64.893,62.339,61.217,54.813,55.431,53.641,49.383,51.102,46.809,47.534,46.065,43.326,46.959,41.284,42.270,41.321,39.524,42.302,43.345,38.601,41.335,38.071,36.692,37.571,37.505,35.237,37.333,37.000,36.109,35.526,33.731,34.057,31.582,32.634,32.712,33.526,26.566,31.939,31.260,30.692,30.119,28.261,30.402,27.714,26.563,24.854,25.850,25.385,24.552,26.350,22.878,21.928,24.854,24.569,21.215,20.505,20.508,20.118,19.383,19.936,18.383,19.328,17.422,16.971,15.956,15.326,14.396,14.045,16.197,15.076,13.989,13.184,12.647,12.813,11.411,10.082,13.310,12.854,8.607,7.473,8.771,7.744,8.564,7.031,6.693,6.816,6.182,5.653,7.936,5.655,4.624,5.096,5.454,5.125,6.038,4.942,4.359,4.212,5.525,3.067,3.931,4.323,3.490,3.877,2.125,1.691,1.359,0.731,2.236,0.880,1.911,0.368,0.515,1.552,-0.085,
315,-14.832,-10.376,-8.614,-5.785,-5.526,-5.430,-6.407,-5.778,-4.832,-4.548,-4.445,-3.843,-3.778,-3.455,-3.571,-2.555,-2.466,-3.135,-2.822,-3.019,-2.460,-2.464,-2.512,-2.089,-1.496,-2.107,-1.196,-1.753,-0.810,0.514,36.950,574.121,1865.852,2028.289,591.822,82.685,44.195,49.544,50.426,54.631,57.199,64.362,67.568,76.597,80.842,79.939,78.064,77.135,75.165,79.189,81.266,88.183,85.070,83.269,68.421,66.900,60.939,62.157,57.881,55.886,54.955,52.832,53.471,54.106,47.893,49.697,47.778,44.500,48.405,41.412,42.381,38.845,41.416,37.846,39.527,36.866,40.164,32.662,38.164,34.774,35.365,37.126,36.653,35.516,37.089,34.844,37.550,36.142,34.182,33.695,35.281,31.635,30.770,30.530,29.901,32.250,31.277,32.381,27.817,28.287,29.404,27.616,28.482,27.844,28.439,26.838,25.118,25.051,24.726,23.104,21.883,23.586,22.831,22.957,20.490,20.152,17.726,18.924,19.412,17.215,17.170,17.440,19.011,15.579,15.527,16.835,15.643,13.722,14.636,11.784,11.607,12.531,13.611,14.434,10.345,11.250,12.296,8.730,10.325,9.209,8.521,8.127,9.085,7.323,9.989,6.746,6.229,7.228,6.980,6.413,5.827,6.739,5.475,6.320,5.179,5.157,5.059,4.493,2.656,3.426,2.836,2.755,2.640,2.531,2.004,2.822,2.246,2.416,2.971,3.695,2.352,2.089,2.562,1.360,0.991,0.610,
320,-8.073,-9.492,-6.473,-5.461,-4.789,-6.364,-5.060,-5.021,-3.903,-3.850,-3.735,-4.356,-2.911,-3.313,-3.418,-3.207,-2.228,-2.809,-2.919,-1.962,-1.861,-1.739,-1.632,-1.947,-1.709,-1.426,-1.614,-1.420,-0.367,0.035,0.112,1.171,10.103,187.821,1282.269,2141.403,1105.905,162.095,34.717,31.474,33.452,35.358,38.690,44.243,45.704,47.334,43.839,43.438,43.167,42.336,46.685,47.350,45.508,50.352,52.286,55.993,45.908,40.723,39.945,37.978,38.581,38.590,38.176,34.886,36.315,35.445,35.844,34.426,32.181,33.845,35.234,33.795,32.000,33.916,32.457,32.587,33.055,32.945,34.152,33.586,32.778,33.538,34.769,35.588,30.340,33.366,31.736,34.550,32.799,32.165,30.491,32.606,32.107,32.426,30.274,29.866,31.471,28.442,28.729,28.561,30.080,28.337,27.251,24.609,27.517,25.296,24.867,25.868,26.613,25.040,23.944,23.077,21.709,21.113,18.827,19.677,20.620,18.252,17.783,17.698,18.430,17.464,17.367,14.094,14.505,15.395,13.865,14.291,14.492,13.604,12.465,13.376,12.639,11.756,11.300,9.799,9.600,9.966,9.717,9.366,9.006,10.476,8.464,9.504,7.266,7.718,8.313,6.841,5.338,6.086,5.881,6.613,5.155,5.260,7.360,4.117,5.379,3.225,4.748,3.181,4.686,3.751,2.900,2.615,3.781,0.709,1.923,1.835,1.110,2.852,1.384,0.813,0.924,2.252,0.510,1.321,
325,-9.293,-10.367,-7.135,-3.994,-4.657,-4.746,-4.696,-3.407,-3.550,-3.945,-3.400,-3.276,-3.009,-2.827,-2.027,-2.954,-2.279,-2.759,-2.735,-2.342,-2.157,-2.155,-2.015,-1.824,-1.380,-1.464,-0.942,-1.482,-1.148,-1.531,-1.244,-1.424,-0.263,0.627,2.022,26.868,460.365,1749.054,1797.539,525.864,33.419,7.331,6.703,8.059,8.152,8.464,11.094,9.138,9.441,10.915,10.735,12.908,11.357,13.025,14.991,14.976,18.662,24.064,24.855,22.153,20.905,16.911,18.838,19.662,22.364,21.636,21.432,21.999,20.933,23.322,23.859,26.020,26.327,26.608,25.866,27.804,29.895,29.184,29.857,28.709,30.081,30.742,29.426,29.139,29.529,28.440,28.525,28.445,31.125,30.903,30.344,28.828,28.002,30.182,29.711,29.361,29.528,29.586,28.029,27.953,27.887,26.541,28.232,26.046,25.370,27.443,25.000,25.552,23.572,22.108,21.231,20.492,22.304,20.753,20.208,19.360,20.328,20.180,20.072,18.861,18.050,17.342,16.079,16.414,15.684,15.222,13.627,11.613,14.208,14.336,12.573,10.375,14.336,13.203,12.359,11.506,9.915,9.368,8.787,9.741,10.031,10.239,8.549,7.801,8.593,6.823,6.458,6.005,6.085,5.023,5.479,5.332,5.058,5.280,5.013,4.828,4.004,3.622,3.034,3.097,3.674,3.178,3.490,2.697,1.960,1.809,2.637,2.257,1.232,2.691,0.157,2.058,1.835,2.388,1.022,1.470,
330,-7.050,-9.004,-5.083,-2.928,-4.766,-2.912,-4.268,-4.362,-3.965,-4.018,-2.804,-2.723,-2.926,-3.128,-2.397,-2.871,-2.574,-2.516,-2.517,-1.963,-2.236,-1.778,-2.188,-1.205,-1.793,-0.935,-1.463,-1.606,-1.335,-1.406,-1.117,-1.359,-0.460,-1.166,-0.219,-0.196,0.031,4.689,121.423,946.672,1905.231,1058.972,145.674,5.344,2.092,2.017,2.223,2.315,3.135,2.636,5.627,4.096,5.129,6.700,7.272,8.303,9.043,9.429,12.874,16.245,20.587,20.198,21.642,19.261,18.539,15.778,16.840,18.915,20.037,19.302,20.474,21.593,23.410,22.071,22.119,22.773,25.560,23.938,26.808,26.955,26.207,26.944,26.792,27.116,28.545,25.878,28.575,30.095,28.504,26.363,28.893,27.809,27.872,27.398,27.994,30.253,25.892,25.643,27.784,28.459,26.416,27.464,24.492,26.919,25.178,22.497,25.266,23.463,21.989,22.440,22.393,23.732,21.746,20.680,19.816,19.549,19.961,19.462,18.676,19.668,18.272,15.812,15.791,16.015,16.259,15.130,14.666,15.965,14.138,12.665,12.585,11.897,10.339,11.275,12.473,9.714,10.905,9.288,9.066,10.854,8.395,7.952,6.990,8.251,8.066,7.104,7.363,6.214,6.031,7.664,4.706,5.386,5.173,6.136,4.984,4.783,4.771,3.895,5.141,3.769,2.906,2.300,4.771,3.623,3.039,2.933,1.814,1.687,2.360,1.371,1.864,1.438,1.634,1.032,1.151,1.094,
335,-5.907,-7.391,-4.919,-4.202,-4.248,-3.304,-3.366,-2.583,-2.813,-3.482,-2.360,-2.103,-1.913,-2.779,-2.599,-2.343,-1.754,-2.246,-1.807,-2.085,-2.248,-1.829,-1.853,-1.470,-2.019,-1.250,-1.631,-1.670,-1.046,-1.633,-1.277,-1.081,-0.986,-1.050,-0.733,-0.674,-0.632,0.025,-0.130,0.255,36.779,474.651,1595.228,1502.550,389.369,18.983,2.289,2.296,2.433,2.576,2.910,4.498,3.168,3.764,4.900,6.152,5.759,7.709,8.620,8.845,10.005,12.764,14.576,18.867,20.770,21.789,18.255,17.660,16.969,17.553,19.064,18.525,19.983,20.433,21.649,18.496,23.797,24.216,22.778,25.304,25.484,26.321,26.185,26.484,26.317,25.620,26.619,24.951,26.766,27.071,25.912,26.933,28.663,25.059,25.484,26.401,26.223,24.671,26.782,25.602,25.852,26.310,25.147,25.344,22.560,24.781,21.176,22.507,25.512,21.240,23.090,23.212,22.118,19.561,18.642,19.678,17.968,18.011,18.210,17.044,17.196,16.767,16.808,16.516,14.838,14.579,13.203,13.318,13.196,15.641,13.385,12.518,11.262,11.153,11.104,10.874,10.359,11.042,9.287,10.068,8.150,8.623,9.210,7.732,6.999,6.975,6.974,6.673,5.463,6.464,5.896,6.137,5.526,4.276,4.260,4.281,3.578,4.206,5.187,4.486,3.502,3.182,3.165,3.811,3.108,2.768,2.806,2.446,2.376,1.098,1.967,2.039,2.246,0.857,1.134,1.026,
340,-7.040,-5.507,-4.364,-3.767,-3.963,-2.838,-3.144,-2.836,-2.490,-2.895,-2.550,-2.500,-2.660,-2.010,-1.960,-2.063,-1.979,-1.619,-1.823,-1.576,-1.476,-1.352,-1.781,-1.712,-1.009,-1.405,-1.309,-1.424,-1.107,-1.570,-0.817,-1.168,-1.432,-0.977,-0.599,-0.446,-0.529,-0.785,-0.737,-0.201,-0.042,-0.239,3.130,125.558,916.027,1733.265,909.108,126.353,3.493,1.522,1.569,2.231,1.900,3.070,4.959,4.823,5.154,6.122,6.307,6.294,8.553,8.533,9.001,9.697,12.357,15.025,17.107,19.611,20.229,17.748,17.410,17.813,17.545,17.734,18.532,20.252,19.303,22.767,23.042,22.163,22.106,24.323,22.658,26.177,22.792,24.323,26.116,23.532,23.013,24.349,25.382,26.252,25.008,27.133,26.506,26.886,24.123,26.595,25.886,23.523,25.414,23.623,24.883,25.166,25.134,23.848,24.322,23.273,21.553,23.999,19.700,20.523,21.463,21.128,17.416,20.794,19.325,18.273,16.907,16.983,15.659,15.268,15.236,16.343,15.449,15.923,14.114,12.810,13.342,11.943,11.816,12.818,12.358,12.002,10.252,12.015,10.126,9.265,9.354,8.946,7.875,7.959,7.206,6.171,7.479,7.660,6.742,6.173,5.998,4.746,5.742,4.946,4.508,5.515,3.788,4.053,5.291,5.177,3.992,2.692,4.018,3.238,3.733,2.366,2.132,3.036,1.538,1.998,1.390,2.956,2.532,1.490,0.507,0.684,0.836,1.085,
345,-6.804,-4.534,-3.429,-4.873,-4.465,-2.920,-3.106,-4.030,-3.106,-2.588,-2.603,-1.982,-2.202,-2.161,-1.973,-1.840,-1.796,-2.071,-1.295,-1.716,-1.599,-1.766,-1.458,-1.667,-1.601,-1.739,-1.207,-0.803,-1.669,-1.464,-1.072,-1.130,-0.778,-0.957,-1.099,-0.528,-0.483,-0.470,-0.732,-0.382,-0.075,-0.028,0.005,-0.068,0.118,33.295,441.712,1433.538,1334.761,318.221,18.787,2.009,2.030,2.062,2.666,3.261,3.070,4.304,4.472,5.632,6.073,6.107,6.637,8.470,9.043,10.268,11.748,11.566,14.159,17.289,18.257,18.322,18.340,16.006,17.407,16.850,16.126,18.303,18.589,20.260,20.703,20.899,21.549,21.320,22.311,23.347,22.567,22.557,22.047,23.679,24.349,23.856,24.145,24.698,25.013,23.522,24.868,24.918,24.354,22.148,22.636,23.114,22.433,23.039,21.939,22.575,22.498,23.473,22.630,20.198,21.136,21.843,20.144,20.560,19.148,19.176,18.668,18.642,17.340,16.069,15.923,14.429,14.730,14.145,14.238,14.613,12.269,14.534,13.484,11.826,11.717,11.427,12.928,9.506,10.922,8.704,8.968,10.032,9.322,8.433,8.199,9.111,8.070,7.274,7.755,6.857,8.038,5.769,7.085,6.482,5.740,5.872,4.941,5.094,5.560,3.649,3.954,3.782,4.016,4.274,4.259,3.767,2.644,2.617,2.265,2.592,1.652,3.237,2.886,1.531,1.810,1.157,2.375,0.980,0.747,0.022,
350,-5.553,-5.363,-4.707,-3.830,-3.253,-3.139,-2.385,-2.447,-2.487,-2.790,-1.856,-1.821,-1.878,-2.000,-2.042,-2.066,-1.850,-1.737,-1.656,-1.741,-1.407,-1.404,-1.508,-1.341,-1.491,-1.447,-1.511,-1.253,-1.707,-1.008,-1.194,-0.984,-0.867,-0.926,-1.099,-0.851,-0.623,-0.752,-1.060,-0.310,-0.619,-0.418,-0.455,-0.248,-0.022,-0.712,0.400,6.016,192.129,1055.007,1554.940,616.143,60.934,2.364,1.939,2.324,2.782,2.667,3.404,3.178,3.718,5.122,5.244,6.925,8.037,6.998,7.565,8.193,9.840,10.310,11.635,14.083,14.904,18.627,19.023,18.392,16.263,14.454,17.142,16.296,18.761,16.542,19.239,19.283,19.846,20.231,20.230,21.980,21.877,21.738,21.722,22.103,20.081,21.413,20.780,21.184,22.313,21.744,22.270,22.259,22.269,23.105,22.985,21.140,21.163,21.124,21.454,21.872,21.893,19.589,19.508,19.700,18.537,17.873,17.812,17.751,18.087,16.504,16.366,16.029,17.273,16.079,15.090,13.566,14.127,12.326,12.971,12.957,13.114,11.558,11.636,11.666,9.837,10.454,10.506,10.950,9.120,9.269,9.061,9.575,10.035,7.828,8.154,6.670,6.845,8.014,7.801,7.030,6.140,6.791,5.830,5.420,6.113,5.459,4.756,4.273,4.260,4.904,5.222,3.088,3.078,3.609,2.397,3.525,2.793,3.526,2.627,1.389,1.111,2.429,1.814,1.798,1.583,2.467,1.084,1.162,
355,-6.398,-5.227,-2.682,-3.923,-3.425,-2.609,-2.387,-2.582,-1.813,-2.225,-1.656,-1.690,-2.161,-1.140,-1.356,-1.352,-1.697,-1.794,-1.521,-1.261,-1.392,-1.354,-1.437,-0.823,-1.065,-1.181,-1.152,-0.817,-1.017,-1.047,-0.997,-0.728,-0.641,-0.904,-0.582,-0.712,-1.065,-0.660,-0.707,-0.604,-0.401,-0.840,-0.522,-0.170,-0.604,-0.145,0.096,-0.039,0.150,0.899,30.672,459.366,1355.441,1189.067,268.599,15.731,1.588,2.027,1.989,2.264,2.956,3.569,3.934,3.958,5.130,5.890,5.811,6.815,7.353,7.799,8.458,8.951,9.420,10.656,11.981,15.916,17.365,18.776,18.220,16.497,16.059,16.610,17.295,17.216,16.485,17.747,18.527,17.937,20.048,20.276,20.173,19.344,19.238,19.810,21.479,22.141,20.486,21.467,20.097,20.492,21.168,21.152,20.633,21.044,20.224,19.118,19.423,18.687,20.073,20.761,17.594,17.805,17.899,17.247,18.390,16.399,16.317,15.287,15.115,14.543,14.565,14.708,13.793,14.083,13.079,12.989,13.489,13.832,12.015,12.995,11.818,11.243,10.783,9.661,10.191,9.700,9.236,10.014,9.275,9.588,8.227,8.936,7.419,6.930,6.507,6.285,6.895,6.278,5.026,6.195,4.933,5.424,5.351,4.761,4.481,5.086,3.362,4.225,3.666,2.965,4.175,3.766,3.729,2.551,3.248,2.838,1.646,2.579,1.846,2.706,1.716,1.237,2.098,1.206,1.379,1.023,
360,-5.722,-4.375,-3.997,-3.531,-3.054,-2.487,-2.126,-2.272,-2.171,-1.762,-2.438,-1.860,-1.943,-2.009,-1.337,-1.629,-1.576,-1.279,-1.282,-1.614,-1.145,-1.339,-0.840,-0.904,-1.107,-1.269,-1.134,-1.116,-0.858,-1.002,-1.001,-0.943,-1.109,-0.833,-0.800,-0.857,-0.635,-0.805,-0.837,-0.958,-0.496,-0.943,-0.190,-0.251,-0.577,-0.386,-0.405,-0.681,-0.026,-0.355,-0.206,0.149,6.645,153.253,902.546,1400.626,695.066,73.614,3.539,1.489,1.868,2.598,3.378,2.649,2.879,3.615,4.915,5.341,5.317,6.527,5.750,6.028,8.134,8.982,8.156,9.628,10.409,12.858,15.311,16.083,18.424,16.800,15.391,16.502,15.069,15.096,17.067,16.703,15.820,17.791,18.752,17.781,17.636,18.475,19.939,17.598,18.118,19.306,18.749,17.557,18.816,18.701,17.468,18.478,18.986,18.124,18.816,18.560,17.594,17.117,17.200,16.673,15.551,17.045,17.373,16.441,14.801,13.970,14.635,14.550,14.227,13.389,14.398,13.419,13.911,14.068,12.724,11.998,12.566,12.063,9.867,9.808,10.582,9.687,9.495,9.240,9.886,8.558,8.313,7.787,8.887,7.464,7.481,7.516,6.066,5.951,6.658,5.222,5.255,5.891,5.567,5.344,4.778,4.439,4.345,4.608,3.695,4.163,3.756,3.246,3.216,3.292,3.134,3.553,1.908,3.118,1.848,2.688,2.875,1.281,1.806,1.334,1.168,0.819,1.001,1.440,
365,-5.189,-3.773,-4.062,-3.007,-2.788,-1.977,-2.063,-1.334,-2.074,-1.922,-1.706,-1.785,-1.602,-1.583,-1.608,-1.389,-0.754,-1.104,-1.060,-1.159,-0.823,-1.188,-0.837,-1.441,-1.455,-1.359,-1.199,-0.766,-0.823,-0.721,-0.982,-0.946,-0.644,-0.979,-0.725,-0.838,-0.850,-1.039,-0.755,-0.780,-0.476,-0.788,-0.713,-0.283,-0.422,-0.621,0.063,-0.413,-0.455,-0.437,-0.210,-0.157,-0.026,0.209,1.308,41.138,363.794,1240.464,1097.685,259.169,11.003,1.088,1.659,2.163,2.161,2.311,3.245,2.970,3.781,4.659,4.160,5.408,5.506,5.931,7.120,6.909,7.975,8.554,9.041,10.581,11.362,13.414,13.944,16.199,15.766,15.265,14.113,14.812,13.596,14.015,14.843,15.946,16.462,16.777,16.727,17.009,16.898,17.505,17.280,17.581,16.777,16.651,17.540,16.505,17.171,16.131,18.185,16.573,16.430,15.247,15.525,16.459,17.125,14.790,15.276,15.245,14.564,14.504,13.091,13.334,13.165,13.122,12.217,12.712,12.395,12.069,13.050,10.974,11.141,10.715,8.789,10.935,10.284,8.892,9.748,7.209,9.565,8.735,7.852,8.080,7.690,7.934,7.331,6.680,6.865,5.383,6.675,5.941,5.422,4.917,5.655,5.343,4.471,3.397,4.404,3.959,4.433,3.388,4.174,3.697,4.175,3.916,2.622,1.939,3.139,2.545,2.952,2.680,2.178,1.855,2.740,1.690,2.068,1.996,1.908,1.226,
370,-4.014,-3.475,-2.699,-2.450,-2.301,-2.463,-2.082,-2.156,-2.207,-2.262,-1.911,-1.577,-1.094,-1.305,-1.337,-1.375,-1.226,-1.300,-1.112,-1.230,-1.340,-1.207,-1.193,-1.200,-1.287,-1.121,-0.935,-0.915,-0.981,-0.944,-0.945,-0.854,-0.891,-0.788,-1.007,-0.975,-0.684,-0.835,-0.788,-0.690,-0.958,-0.719,-0.825,-0.448,-0.506,-0.446,-0.493,-0.532,-0.362,-0.057,-0.175,-0.028,-0.146,0.073,-0.172,-0.225,0.007,3.977,107.758,709.224,1310.446,683.665,104.139,3.480,1.413,1.920,1.790,2.167,2.516,2.923,2.891,3.832,3.822,4.461,5.024,5.851,5.967,7.039,7.873,7.385,8.809,8.887,9.406,11.293,11.729,14.497,14.350,15.549,13.919,12.891,13.475,13.101,14.096,13.520,14.299,14.618,13.795,14.365,15.180,15.191,15.891,15.248,15.966,14.332,15.467,15.296,14.608,16.375,15.174,16.500,14.656,15.271,14.259,14.756,13.555,13.072,14.651,13.714,12.983,12.894,12.896,12.927,12.247,11.478,10.690,11.751,11.392,10.571,11.063,10.177,9.303,10.295,10.626,8.864,9.477,8.631,7.389,7.102,8.286,7.742,7.472,7.321,7.032,7.057,6.671,6.810,6.149,4.829,5.244,5.020,5.357,5.266,4.754,4.660,4.908,4.448,3.971,3.393,2.701,2.793,3.275,2.933,2.236,3.651,2.777,2.184,2.204,2.102,2.159,2.394,2.789,1.760,1.794,1.794,1.261,1.029,
375,-4.602,-4.139,-3.287,-2.889,-2.604,-1.735,-1.560,-2.122,-2.003,-1.791,-1.585,-1.615,-1.373,-1.646,-1.466,-1.037,-1.005,-1.550,-1.376,-1.266,-1.192,-1.255,-1.024,-0.697,-1.146,-0.921,-1.245,-1.164,-0.750,-1.006,-0.803,-0.926,-0.511,-0.895,-0.764,-0.705,-0.730,-0.560,-0.670,-0.645,-0.813,-0.699,-0.449,-0.530,-0.752,-0.631,-0.523,-0.631,-0.520,-0.519,-0.491,-0.652,-0.370,-0.431,-0.353,-0.185,0.122,-0.097,0.098,0.616,44.991,374.139,1122.620,969.092,244.827,13.240,1.337,1.413,1.402,1.753,2.896,2.879,2.818,3.249,3.908,3.640,4.773,5.903,5.377,6.329,6.288,6.773,7.873,8.544,8.335,9.226,8.497,10.119,12.152,12.973,13.653,13.854,13.155,12.218,12.655,12.814,12.209,12.947,13.588,14.669,13.489,13.870,14.803,12.854,12.925,13.696,13.568,13.806,13.853,13.887,14.341,14.044,13.600,12.141,13.036,11.970,12.431,12.429,12.855,12.082,12.310,11.171,10.509,10.491,11.255,11.186,11.339,10.288,9.859,9.704,8.833,9.105,8.751,7.919,8.283,7.766,7.026,8.353,7.819,7.305,8.012,8.329,6.632,6.434,6.104,6.146,5.157,6.091,5.788,5.054,5.833,4.655,4.147,3.881,4.062,2.815,4.060,3.281,2.820,3.038,3.329,4.030,3.093,1.893,2.486,1.586,2.731,1.846,2.794,2.499,1.528,2.332,1.386,0.640,1.097,1.470,
380,-2.841,-3.960,-2.767,-2.105,-2.338,-1.607,-2.248,-1.882,-2.005,-1.784,-2.038,-1.215,-1.505,-1.549,-1.303,-1.013,-1.135,-1.295,-1.133,-1.119,-0.799,-0.872,-1.105,-1.069,-1.181,-0.994,-1.133,-0.883,-1.101,-0.775,-0.889,-0.948,-0.767,-0.792,-0.998,-0.616,-0.623,-0.540,-0.693,-0.578,-0.747,-0.552,-0.719,-0.890,-0.583,-0.634,-0.455,-0.454,-0.348,-0.500,-0.421,-0.066,-0.579,-0.094,-0.262,-0.088,-0.190,0.031,-0.186,0.057,0.053,0.039,4.845,139.250,715.855,1227.327,592.986,71.433,2.675,1.374,1.557,2.172,1.840,2.393,2.220,2.470,3.330,3.438,4.354,4.468,5.070,5.267,4.516,6.018,6.847,6.578,6.699,7.258,7.664,9.290,8.530,10.550,11.492,12.232,13.253,13.666,10.969,11.045,11.699,10.702,11.915,11.986,11.750,11.963,12.228,12.026,11.441,12.136,12.381,10.856,12.579,11.143,12.001,11.341,11.604,10.740,11.885,11.669,11.242,10.527,11.021,10.927,11.819,9.880,10.499,10.206,9.953,9.953,9.972,10.179,8.626,9.353,8.435,8.351,6.984,8.274,7.575,7.045,6.860,7.123,7.172,6.747,7.214,7.284,5.341,5.243,4.885,5.495,6.396,4.729,5.164,4.919,3.843,4.359,3.989,4.291,3.536,3.098,3.968,2.894,2.681,1.791,2.907,2.551,2.578,2.592,2.713,1.682,2.406,1.443,1.167,1.212,0.937,1.766,1.124,1.310,
385,-4.419,-3.477,-2.908,-2.461,-2.686,-2.065,-2.421,-1.836,-1.963,-1.414,-1.847,-1.576,-1.219,-1.179,-1.480,-1.152,-0.983,-1.249,-1.279,-1.220,-0.967,-0.965,-1.080,-0.866,-0.851,-0.804,-0.695,-1.140,-0.916,-1.010,-1.096,-0.927,-0.888,-0.824,-0.745,-0.649,-0.751,-0.573,-0.848,-0.804,-0.672,-0.763,-0.716,-0.694,-0.551,-0.598,-0.896,-0.543,-0.592,-0.733,-0.441,-0.344,-0.511,-0.579,-0.554,-0.407,-0.459,-0.146,-0.115,0.026,0.054,-0.170,-0.005,-0.100,0.284,22.320,321.811,1009.279,1033.506,285.060,20.267,1.581,1.497,1.605,1.159,1.370,2.461,2.629,2.678,3.376,3.617,3.850,4.224,4.142,4.412,5.053,4.604,5.958,5.287,6.513,6.275,7.176,8.104,8.028,8.498,10.216,11.528,11.610,10.802,10.818,9.624,9.708,9.937,9.665,10.627,10.766,10.594,10.030,10.780,10.164,10.346,11.398,10.504,10.826,9.804,10.753,10.117,9.724,11.335,10.344,9.658,10.320,9.661,10.131,8.731,9.718,8.550,8.900,6.919,7.534,7.489,8.060,8.128,7.860,6.421,7.321,7.264,6.216,6.614,7.390,5.447,6.086,6.245,4.793,6.057,4.384,5.200,4.813,4.333,4.620,4.160,4.345,3.852,4.022,4.037,2.831,3.993,2.827,2.918,2.841,2.145,2.667,2.897,2.596,2.251,3.045,1.505,1.337,1.423,1.766,2.486,1.642,1.894,1.432,0.859,1.528,
390,-2.683,-4.568,-3.195,-2.759,-2.330,-1.840,-1.734,-1.861,-1.775,-1.282,-1.584,-1.502,-1.446,-1.627,-1.098,-1.137,-0.938,-0.636,-0.987,-1.140,-1.257,-1.047,-0.825,-1.064,-0.948,-0.951,-0.957,-0.901,-0.846,-0.822,-1.016,-0.751,-0.835,-0.759,-0.487,-0.571,-0.695,-0.599,-0.674,-0.624,-0.577,-0.660,-0.618,-0.650,-0.731,-0.686,-0.479,-0.387,-0.429,-0.500,-0.437,-0.680,-0.374,-0.410,-0.505,-0.178,-0.232,-0.300,-0.220,-0.253,-0.187,-0.357,-0.064,-0.295,-0.122,-0.321,0.237,4.427,114.648,694.810,1157.047,593.160,68.483,3.042,1.236,1.614,1.596,1.481,1.541,1.549,1.819,1.926,2.331,3.896,3.442,3.456,3.458,4.504,4.897,4.844,5.191,5.411,5.567,5.539,5.410,5.780,7.735,7.611,9.097,8.831,10.553,9.791,8.758,8.765,7.697,7.963,7.889,9.093,8.593,8.871,9.574,8.637,8.777,9.181,9.159,9.424,8.540,7.954,9.276,8.342,8.879,8.214,8.538,8.084,8.394,9.055,7.486,7.762,8.154,7.400,7.363,7.197,7.664,6.319,6.599,5.750,5.385,6.625,6.142,4.749,5.367,5.818,5.218,5.210,5.734,4.389,3.982,3.760,4.858,3.452,4.049,3.636,3.571,2.923,3.570,2.340,2.993,2.956,2.275,2.741,2.058,2.400,2.451,2.187,1.971,1.802,2.066,1.143,2.030,1.277,1.158,1.352,0.914,0.438,0.077,1.423,
395,-3.107,-3.942,-2.565,-2.558,-1.791,-1.819,-1.617,-1.954,-1.274,-1.685,-1.854,-1.242,-1.568,-1.329,-1.422,-1.361,-0.843,-0.973,-0.946,-1.128,-0.863,-0.908,-0.909,-1.033,-0.876,-0.957,-0.449,-0.659,-0.807,-0.918,-0.324,-0.868,-0.808,-0.854,-0.701,-0.543,-0.529,-0.578,-0.840,-0.648,-0.654,-0.586,-0.534,-0.700,-0.573,-0.128,-0.503,-0.537,-0.559,-0.142,-0.324,-0.458,-0.381,-0.127,-0.281,-0.293,-0.194,-0.439,-0.381,-0.365,-0.328,-0.057,-0.093,-0.300,-0.087,0.031,0.007,-0.072,0.011,0.781,25.562,299.179,994.046,947.858,237.696,11.081,1.547,1.061,0.807,1.389,1.465,1.461,1.714,2.022,2.086,1.906,2.407,2.670,2.601,4.038,3.802,4.201,4.209,4.828,5.486,5.154,5.420,5.035,6.100,6.643,6.368,7.118,8.185,9.499,7.916,7.478,8.234,8.001,7.983,8.498,7.587,7.579,7.468,7.325,7.455,7.248,7.089,6.992,6.984,7.031,7.135,7.516,7.439,6.753,7.200,6.561,6.393,6.285,6.051,6.425,6.460,6.590,5.814,5.316,5.684,5.248,5.689,4.787,5.794,5.179,6.167,5.511,4.862,4.328,3.958,4.021,3.579,3.687,3.480,3.192,3.349,3.236,3.871,2.245,2.963,2.048,2.489,2.656,1.536,2.355,2.308,2.504,2.002,1.431,1.598,1.700,2.030,2.066,0.634,0.924,0.657,1.517,1.012,0.942,0.760,0.451,
400,-3.217,-2.353,-2.540,-2.362,-2.170,-1.495,-1.630,-1.869,-1.778,-1.296,-1.355,-1.217,-1.496,-0.907,-1.022,-1.146,-0.856,-0.952,-0.879,-1.117,-1.066,-0.772,-0.889,-0.878,-0.716,-0.723,-0.734,-0.652,-0.924,-0.662,-0.560,-0.420,-0.640,-0.786,-0.418,-0.596,-0.513,-0.393,-0.735,-0.586,-0.445,-0.560,-0.669,-0.389,-0.431,-0.387,-0.457,-0.258,-0.466,-0.606,-0.463,-0.289,-0.505,-0.528,-0.408,-0.267,-0.329,-0.369,-0.326,-0.286,-0.290,-0.293,-0.303,-0.026,-0.165,-0.184,-0.125,-0.315,0.051,-0.071,0.152,-0.057,4.335,86.218,591.436,1053.866,562.679,70.372,2.202,1.100,1.108,1.076,1.133,1.261,1.220,1.793,1.968,1.808,2.398,2.681,2.906,3.021,3.188,3.591,3.728,3.692,3.759,4.213,4.436,4.592,4.581,5.691,5.175,5.561,6.849,6.690,7.903,7.097,7.051,7.084,6.533,6.010,5.847,6.636,6.647,5.894,6.460,5.828,6.473,6.514,5.927,6.586,6.740,5.989,5.789,5.892,5.735,5.370,5.683,5.932,5.702,5.741,5.339,5.072,4.485,4.637,4.501,4.206,4.926,4.702,4.324,3.667,3.778,4.049,3.566,3.754,3.006,3.394,3.387,2.629,3.240,2.769,2.766,2.610,2.244,2.227,2.486,2.034,2.670,2.575,2.228,1.890,1.116,1.410,1.384,1.264,1.320,1.648,0.573,1.501,0.779,0.368,1.207,0.268,0.904,0.726,
405,-3.480,-3.060,-1.925,-2.165,-1.399,-1.524,-1.804,-1.954,-1.579,-1.591,-1.472,-0.820,-1.005,-1.370,-1.082,-1.284,-0.924,-1.056,-1.103,-0.962,-0.933,-0.729,-1.057,-1.081,-0.512,-0.776,-0.907,-0.770,-0.742,-0.706,-0.597,-0.684,-0.785,-0.869,-0.676,-0.614,-0.540,-0.439,-0.649,-0.521,-0.543,-0.420,-0.718,-0.546,-0.488,-0.394,-0.655,-0.288,-0.327,-0.476,-0.445,-0.494,-0.377,-0.565,-0.111,-0.364,-0.443,-0.384,-0.253,-0.334,-0.418,-0.385,-0.131,-0.181,-0.304,-0.255,-0.181,-0.185,-0.177,0.205,0.015,0.044,-0.157,-0.072,0.732,37.717,322.815,938.350,745.151,164.119,7.116,0.966,0.911,0.971,1.003,1.264,1.156,1.353,1.657,1.293,1.917,2.103,2.550,2.778,3.040,3.240,3.448,3.795,3.682,3.831,3.744,4.373,4.723,4.981,5.053,4.877,5.735,6.204,6.133,6.571,6.576,6.778,6.263,6.512,6.092,5.558,6.268,5.035,6.423,5.392,5.748,5.712,5.865,5.854,6.163,6.116,5.458,5.591,6.076,5.374,5.343,4.870,5.463,5.353,4.245,4.557,5.055,4.657,4.177,4.426,4.676,3.742,3.717,3.624,3.633,3.999,3.097,2.886,3.520,3.171,2.992,2.970,2.815,3.020,2.725,2.610,2.596,1.898,2.174,2.856,1.732,1.620,1.979,2.109,1.751,1.155,1.504,1.394,1.426,1.180,1.108,1.222,1.098,0.436,0.712,1.827,
410,-3.300,-3.634,-2.915,-1.318,-1.743,-1.769,-1.323,-1.010,-1.348,-1.273,-1.278,-1.502,-0.869,-1.257,-1.077,-0.800,-1.251,-0.765,-0.839,-0.909,-1.019,-0.842,-0.748,-0.881,-0.897,-0.850,-0.532,-0.970,-0.781,-0.565,-0.610,-0.800,-0.663,-0.779,-0.055,-0.456,-0.781,-0.495,-0.749,-0.580,-0.609,-0.566,-0.287,-0.493,-0.636,-0.446,-0.407,-0.440,-0.254,-0.510,-0.472,-0.536,-0.406,-0.365,-0.308,-0.414,-0.123,-0.223,-0.337,-0.275,-0.203,-0.374,-0.254,-0.216,-0.077,-0.318,-0.220,-0.297,-0.143,-0.028,-0.176,-0.156,-0.009,-0.094,0.024,0.208,0.117,5.386,137.786,640.152,949.794,368.913,36.491,1.148,1.214,0.881,1.218,1.084,1.097,1.264,1.358,1.944,2.144,2.150,2.196,2.696,2.908,3.074,3.391,3.358,3.946,3.486,4.191,4.180,4.314,4.422,5.519,4.750,4.697,5.681,6.393,6.204,6.614,6.750,6.812,6.474,6.509,5.011,5.249,5.120,5.672,4.851,5.517,5.412,5.089,5.263,5.896,5.412,5.343,5.186,4.793,5.231,4.688,4.985,4.443,5.033,4.180,4.658,3.699,3.748,3.703,4.959,4.142,3.756,3.455,3.136,3.824,3.042,3.562,3.210,3.006,2.633,2.558,2.710,2.864,2.638,2.181,2.099,2.329,3.003,1.657,1.848,2.355,2.059,1.923,1.494,1.529,1.761,1.376,1.390,0.725,0.744,1.348,0.826,0.741,0.922,
415,-3.711,-2.994,-2.587,-1.867,-1.863,-1.672,-1.690,-1.019,-1.294,-1.145,-1.043,-1.358,-1.144,-1.230,-1.171,-0.846,-0.931,-0.847,-1.019,-0.909,-0.711,-0.972,-0.469,-0.727,-0.816,-0.833,-0.970,-0.838,-0.670,-0.560,-0.491,-0.517,-0.763,-0.659,-0.461,-0.563,-0.457,-0.661,-0.461,-0.663,-0.522,-0.523,-0.633,-0.449,-0.494,-0.324,-0.441,-0.531,-0.580,-0.420,-0.324,-0.360,-0.574,-0.267,-0.489,-0.480,-0.283,-0.380,-0.569,-0.189,-0.400,-0.270,-0.373,-0.303,-0.255,-0.364,-0.246,-0.363,-0.037,-0.400,-0.288,-0.066,-0.291,0.123,-0.094,-0.208,0.038,0.177,-0.006,0.543,30.131,321.172,832.964,635.849,135.143,7.173,0.733,0.896,0.822,1.078,1.058,1.215,1.165,1.320,1.759,2.119,1.993,2.374,2.677,2.285,3.283,2.766,2.971,2.789,3.918,4.238,3.981,3.662,4.690,4.267,4.775,4.376,3.904,5.090,5.600,5.838,6.013,5.962,6.478,6.519,6.467,4.879,4.559,5.171,5.406,4.814,5.385,4.499,5.197,4.651,4.886,5.545,4.810,4.181,4.274,4.703,4.279,4.306,4.406,4.017,3.797,3.875,3.661,4.118,3.562,3.827,3.063,3.031,3.259,2.965,2.652,2.855,2.627,2.278,2.344,2.876,2.614,3.269,2.888,1.686,2.010,1.709,1.375,1.631,1.305,1.616,1.612,1.414,1.533,1.208,0.645,1.416,1.326,0.737,1.275,1.079,
420,-1.604,-2.498,-2.359,-2.934,-1.458,-1.584,-1.345,-1.818,-1.055,-0.937,-0.987,-1.232,-0.869,-0.829,-0.799,-1.052,-0.715,-1.179,-0.899,-0.686,-0.902,-0.669,-0.859,-0.770,-0.536,-0.706,-0.749,-0.741,-0.694,-0.539,-0.622,-0.568,-0.585,-0.353,-0.565,-0.492,-0.505,-0.577,-0.633,-0.462,-0.222,-0.277,-0.264,-0.378,-0.533,-0.399,-0.422,-0.262,-0.492,-0.374,-0.407,-0.066,-0.252,-0.482,-0.377,-0.278,-0.300,-0.294,-0.247,-0.320,-0.424,-0.310,-0.458,-0.316,-0.297,-0.147,-0.206,-0.377,-0.080,-0.284,-0.265,-0.248,-0.243,-0.270,-0.185,-0.239,0.099,-0.060,0.067,-0.141,-0.098,0.160,7.582,141.587,602.355,755.431,253.536,19.089,1.373,0.889,0.663,0.957,0.985,0.874,1.520,1.479,1.343,1.738,1.767,2.222,1.894,2.552,2.748,2.629,3.128,3.076,3.305,3.196,3.698,3.416,3.146,4.227,4.013,4.527,4.034,4.172,4.621,4.452,6.009,4.991,5.362,5.391,5.217,4.975,4.622,4.917,4.990,4.427,4.298,4.083,3.960,4.489,4.703,4.104,3.884,4.637,3.676,4.239,3.361,3.331,3.633,3.699,3.237,3.734,3.858,3.022,3.024,3.900,3.299,2.792,2.622,2.218,3.068,2.134,2.700,2.154,2.517,2.384,1.960,1.588,1.788,2.072,1.551,1.473,1.549,1.601,1.430,1.690,1.076,0.762,1.210,1.063,0.942,1.133,0.490,0.596,
425,-3.197,-2.841,-2.365,-1.929,-1.731,-1.906,-0.760,-1.449,-1.251,-1.415,-1.294,-0.384,-1.097,-0.774,-0.796,-0.968,-0.545,-0.839,-0.897,-0.700,-0.921,-0.975,-0.657,-0.697,-0.884,-0.872,-0.702,-0.681,-0.652,-0.727,-0.616,-0.667,-0.528,-0.658,-0.504,-0.611,-0.500,-0.513,-0.284,-0.581,-0.620,-0.354,-0.511,-0.464,-0.356,-0.165,-0.351,-0.464,-0.274,-0.427,-0.273,-0.434,-0.199,-0.351,-0.087,-0.328,-0.255,-0.470,-0.294,-0.227,-0.095,-0.301,-0.335,-0.193,-0.427,-0.120,-0.282,-0.216,-0.400,-0.278,-0.257,-0.262,-0.188,-0.395,-0.276,-0.277,-0.127,-0.215,-0.191,0.081,-0.100,-0.072,-0.058,0.041,1.002,31.386,284.017,670.942,482.958,85.080,4.037,0.643,0.527,0.598,0.975,0.842,0.942,0.975,1.544,1.150,1.490,1.638,1.962,2.116,2.664,2.502,2.284,2.500,3.125,3.226,2.941,3.237,3.194,3.200,3.042,3.441,3.558,3.570,3.975,4.384,3.741,4.496,4.848,5.181,5.032,4.337,3.942,4.220,3.347,3.720,3.362,4.268,4.099,3.974,3.928,3.357,3.449,3.322,3.317,3.256,3.268,3.306,3.361,3.001,3.093,2.435,2.707,2.838,2.783,2.231,2.630,2.426,2.194,2.412,2.305,2.485,1.919,1.941,1.905,1.641,1.442,1.882,1.472,1.046,1.134,1.372,1.783,1.504,0.535,0.947,1.489,1.087,1.036,0.475,0.638,0.776,
430,-2.845,-2.596,-2.082,-1.514,-2.187,-1.619,-0.754,-0.934,-1.553,-0.956,-0.981,-0.902,-1.149,-1.243,-0.354,-0.763,-0.659,-0.883,-0.463,-0.534,-0.739,-0.475,-0.773,-0.581,-0.625,-0.638,-0.643,-0.814,-0.596,-0.531,-0.572,-0.617,-0.497,-0.447,-0.474,-0.527,-0.510,-0.464,-0.356,-0.550,-0.405,-0.514,-0.294,-0.196,-0.112,-0.335,-0.358,-0.308,-0.351,-0.338,-0.419,-0.293,-0.284,-0.182,-0.428,-0.299,-0.353,-0.236,-0.375,-0.235,-0.370,-0.321,-0.405,-0.200,-0.217,-0.227,-0.319,-0.294,-0.209,-0.289,-0.225,-0.255,-0.188,-0.312,-0.251,-0.279,-0.296,-0.325,-0.171,-0.161,-0.041,-0.061,-0.203,0.027,-0.173,0.102,0.109,6.183,86.340,428.051,573.561,238.063,23.506,1.249,0.681,0.676,0.741,0.776,1.061,1.029,0.735,1.297,1.508,1.459,1.577,1.556,2.034,1.820,2.006,2.779,2.200,2.344,2.986,2.815,2.914,2.233,2.503,2.960,3.370,3.203,2.876,3.279,3.231,3.965,3.114,3.875,4.084,4.343,4.195,4.400,3.587,3.944,3.952,3.137,3.393,3.365,3.120,2.855,2.909,3.208,3.099,2.921,2.687,2.610,3.205,2.917,2.614,2.394,2.002,2.195,2.799,1.988,2.757,2.218,1.456,2.399,1.885,1.740,1.450,1.836,1.477,1.325,1.126,1.223,0.853,0.844,0.947,0.850,1.847,1.227,0.807,1.194,1.132,0.456,0.343,1.215,
435,-3.025,-2.474,-2.338,-1.458,-1.217,-1.117,-1.359,-1.356,-1.122,-1.100,-0.831,-0.656,-0.901,-0.790,-0.798,-0.375,-0.759,-0.760,-0.412,-0.778,-0.562,-0.440,-0.437,-0.826,-0.457,-0.672,-0.526,-0.617,-0.527,-0.519,-0.458,-0.531,-0.554,-0.444,-0.594,-0.450,-0.390,-0.275,-0.295,-0.557,-0.367,-0.222,-0.235,-0.290,-0.233,-0.309,-0.265,-0.260,-0.452,-0.025,-0.398,-0.350,-0.279,-0.251,-0.418,-0.323,-0.327,-0.300,-0.362,-0.285,-0.259,-0.345,-0.354,-0.310,-0.182,-0.260,-0.283,-0.398,-0.300,-0.196,-0.246,-0.211,0.007,-0.285,-0.169,-0.203,-0.153,-0.289,-0.217,-0.228,-0.228,-0.239,-0.194,-0.243,0.014,-0.099,0.050,0.065,-0.059,1.015,29.935,211.151,512.521,357.492,74.254,3.379,0.677,0.460,0.602,0.818,0.848,0.767,0.648,0.927,1.105,1.241,1.379,1.182,1.522,1.442,1.968,1.946,2.081,1.995,2.044,2.091,2.272,2.688,2.425,2.446,2.981,2.967,2.911,2.694,2.776,2.646,2.516,2.664,3.717,4.349,3.542,3.629,2.862,3.206,2.407,3.193,2.400,2.732,2.795,2.208,2.433,2.617,2.996,2.292,3.150,1.866,2.068,2.674,2.123,2.086,1.916,1.718,1.794,2.248,1.698,1.938,2.013,1.847,1.164,1.406,1.787,1.001,1.364,1.197,1.166,0.945,0.992,1.090,0.815,1.007,0.929,0.628,0.770,0.452,0.562,0.413,
440,-1.712,-1.590,-1.293,-1.350,-1.457,-1.315,-1.325,-1.181,-0.637,-0.962,-0.880,-1.125,-0.935,-0.656,-0.780,-1.018,-0.462,-0.690,-0.614,-0.783,-0.529,-0.550,-0.561,-0.572,-0.492,-0.749,-0.499,-0.441,-0.400,-0.333,-0.530,-0.464,-0.394,-0.421,-0.392,-0.432,-0.378,-0.362,-0.442,-0.293,-0.521,-0.380,-0.253,-0.385,-0.269,-0.329,-0.183,-0.294,-0.276,-0.144,-0.264,-0.262,-0.242,-0.359,-0.222,-0.142,-0.165,-0.176,-0.152,-0.183,-0.127,-0.090,-0.297,-0.148,-0.284,-0.271,-0.281,-0.311,-0.196,-0.300,-0.325,-0.147,-0.173,-0.221,-0.263,-0.193,-0.158,-0.014,-0.053,-0.284,-0.156,-0.134,-0.172,-0.169,-0.137,-0.183,-0.014,-0.117,-0.114,0.088,0.037,0.095,4.187,75.003,324.975,464.960,188.425,19.688,0.823,0.526,0.865,0.717,0.583,0.676,1.005,1.114,1.126,1.026,1.042,0.843,1.655,1.588,1.567,1.399,1.935,1.894,2.002,2.325,2.038,2.392,2.037,2.461,2.512,2.614,2.300,1.971,1.928,2.855,2.704,2.742,2.800,3.020,3.548,3.585,3.641,3.443,3.113,2.761,2.405,2.717,2.458,2.175,2.456,1.996,2.113,2.258,2.179,2.188,1.814,1.745,2.090,2.366,1.284,1.974,1.529,1.907,1.563,1.270,1.415,1.362,1.524,1.615,1.191,0.987,1.303,1.293,0.698,0.768,0.802,1.185,0.704,0.553,0.428,0.387,0.627,0.391,
445,-1.704,-2.547,-1.880,-1.458,-1.093,-1.322,-1.331,-0.964,-1.403,-1.371,-0.764,-0.949,-0.545,-0.907,-0.819,-0.649,-0.715,-0.611,-0.632,-0.541,-0.357,-0.582,-0.719,-0.361,-0.661,-0.298,-0.537,-0.576,-0.465,-0.166,-0.630,-0.470,-0.220,-0.423,-0.416,-0.325,-0.027,-0.405,-0.501,-0.371,-0.269,-0.400,-0.274,-0.384,-0.226,-0.278,-0.343,-0.265,-0.336,-0.296,-0.222,-0.128,-0.254,-0.201,-0.369,-0.367,-0.074,-0.266,-0.172,-0.131,-0.058,-0.233,-0.148,-0.275,-0.231,-0.235,-0.367,-0.152,-0.236,-0.206,-0.370,-0.255,-0.217,-0.154,-0.346,-0.205,-0.157,-0.347,-0.251,-0.216,-0.234,-0.201,0.029,-0.256,-0.224,-0.135,-0.138,-0.135,0.033,-0.146,-0.081,0.096,0.016,0.029,0.260,15.106,157.643,408.045,342.633,79.902,4.719,0.759,0.354,0.494,0.503,0.727,0.737,0.613,0.782,1.156,0.814,0.972,1.376,1.181,1.714,1.349,1.846,1.615,2.240,1.498,1.562,2.105,1.792,1.789,2.328,1.926,2.226,2.219,2.632,2.172,2.238,1.939,2.391,2.391,2.612,2.558,2.456,2.962,2.581,2.164,2.634,2.418,1.855,2.188,1.999,1.961,1.738,2.165,1.791,2.142,2.170,1.446,1.749,1.215,1.703,1.655,1.701,1.337,1.355,0.986,1.446,1.068,1.041,1.223,1.132,0.923,0.893,0.676,0.653,0.666,0.929,0.403,0.765,0.515,0.680,0.471,
450,-2.098,-1.983,-1.382,-1.427,-1.421,-1.239,-0.971,-1.054,-0.768,-0.871,-0.682,-0.686,-0.747,-0.702,-0.589,-0.480,-0.616,-0.446,-0.614,-0.262,-0.486,-0.412,-0.636,-0.542,-0.328,-0.448,-0.384,-0.443,-0.442,-0.320,-0.302,-0.167,-0.252,-0.344,-0.422,-0.389,-0.349,-0.212,-0.171,-0.245,-0.214,-0.279,-0.259,-0.242,-0.045,-0.211,-0.270,-0.214,-0.179,-0.124,-0.209,-0.049,-0.137,-0.178,-0.120,-0.273,-0.113,-0.230,-0.289,-0.253,-0.200,-0.249,-0.189,-0.098,-0.165,-0.111,-0.106,-0.227,-0.208,-0.190,-0.236,-0.121,-0.313,-0.240,-0.239,-0.167,-0.162,-0.033,-0.122,-0.114,-0.077,-0.254,-0.083,-0.017,0.081,-0.125,-0.206,-0.045,-0.096,-0.184,0.050,0.026,0.111,0.079,0.040,-0.009,0.112,2.723,52.055,271.038,423.554,185.126,17.711,1.072,0.296,0.333,0.748,0.577,0.797,0.702,0.709,0.900,0.889,1.132,1.153,1.075,1.459,1.604,1.393,1.466,1.111,1.821,1.659,1.930,1.964,1.485,1.599,1.960,2.004,2.332,2.106,1.725,1.770,2.316,2.499,1.969,1.918,2.340,2.217,2.535,2.402,2.656,2.390,2.099,2.341,1.954,1.836,1.779,2.088,1.522,1.701,1.357,1.538,1.348,1.690,1.601,1.570,0.908,1.000,1.431,1.296,1.121,1.069,1.058,1.526,1.317,1.062,0.511,0.873,0.718,0.976,1.025,0.665,0.699,0.900,0.377,
